NumRounds	Winrate		LossRate
0		0		0.9		-15.199
10		0.15		0.8		1.5
20		0.3		0.667		16.267
30		0.275		0.7		14.476
40		0.3		0.68		17.681
50		0.284		0.7		16.701
60		0.315		0.672		19.272
70		0.325		0.663		20.3
80		0.312		0.678		19.412
90		0.33		0.66		21.201
100		0.337		0.655		21.8
110		0.325		0.667		21.05
120		0.324		0.67		20.8
130		0.315		0.679		19.729
140		0.314		0.68		19.607
150		0.3		0.694		18.238
160		0.295		0.7		17.753
170		0.289		0.706		17.106
180		0.295		0.706		17.532
190		0.29		0.71		17.091
200		0.291		0.71		17.191
210		0.296		0.71		17.491
220		0.292		0.714		17.074
230		0.292		0.713		17.3
240		0.304		0.7		18.577
250		0.3		0.704		18.012
260		0.297		0.708		17.534
270		0.3		0.704		17.883
280		0.3		0.704		17.987
290		0.3		0.704		17.957
300		0.307		0.697		18.594
310		0.297		0.707		17.816
320		0.297		0.707		17.637
330		0.298		0.706		17.715
340		0.295		0.709		17.395
350		0.303		0.7		18.295
360		0.295		0.709		17.417
370		0.293		0.711		17.208
380		0.295		0.708		17.452
390		0.295		0.708		17.525
400		0.296		0.708		17.559
410		0.291		0.712		16.979
420		0.294		0.71		17.303
430		0.296		0.707		17.514
440		0.298		0.705		17.72
450		0.296		0.707		17.464
460		0.3		0.703		17.907
470		0.3		0.705		17.792
480		0.294		0.711		17.119
490		0.294		0.71		17.039
500		0.297		0.708		17.253
510		0.299		0.706		17.451
520		0.3		0.704		17.589
530		0.302		0.702		17.812
540		0.302		0.702		17.868
550		0.302		0.702		17.949
560		0.304		0.702		18.078
570		0.304		0.702		18.088
580		0.307		0.699		18.392
590		0.304		0.702		18.066
600		0.304		0.702		18.114
610		0.304		0.702		18.08
620		0.302		0.704		17.94
630		0.304		0.702		18.121
640		0.3		0.705		17.811
650		0.3		0.705		17.882
660		0.302		0.703		18.003
670		0.305		0.7		18.302
680		0.305		0.702		18.306
690		0.303		0.703		18.206
700		0.305		0.702		18.306
710		0.305		0.702		18.309
720		0.302		0.705		18.092
730		0.299		0.707		17.769
740		0.3		0.706		17.872
750		0.3		0.706		17.899
760		0.3		0.706		17.875
770		0.299		0.707		17.745
780		0.297		0.709		17.533
790		0.299		0.707		17.765
800		0.297		0.709		17.56
810		0.298		0.708		17.698
820		0.298		0.708		17.679
830		0.299		0.706		17.839
840		0.3		0.705		17.932
850		0.3		0.705		17.907
860		0.3		0.705		17.96
870		0.304		0.702		18.28
880		0.302		0.704		18.066
890		0.303		0.703		18.143
900		0.303		0.703		18.129
910		0.303		0.703		18.108
920		0.302		0.704		17.97
930		0.3		0.705		17.904
940		0.303		0.703		18.067
950		0.303		0.703		18.084
960		0.304		0.702		18.191
970		0.307		0.698		18.457
980		0.305		0.7		18.246
990		0.303		0.701		18.161
1000		0.303		0.701		18.193
1010		0.305		0.7		18.341
1020		0.305		0.7		18.335
1030		0.307		0.698		18.517
1040		0.309		0.697		18.669
1050		0.309		0.697		18.661
1060		0.307		0.699		18.47
1070		0.307		0.699		18.479
1080		0.308		0.698		18.542
1090		0.308		0.698		18.56
1100		0.307		0.699		18.405
1110		0.308		0.698		18.539
1120		0.31		0.695		18.805
1130		0.312		0.693		18.98
1140		0.313		0.693		19.072
1150		0.313		0.693		19.049
1160		0.312		0.694		18.947
1170		0.311		0.695		18.891
1180		0.312		0.693		19.018
1190		0.313		0.692		19.104
1200		0.314		0.691		19.183
1210		0.314		0.691		19.165
1220		0.312		0.693		19.037
1230		0.311		0.694		18.956
1240		0.311		0.694		18.955
1250		0.309		0.696		18.781
1260		0.308		0.697		18.71
1270		0.307		0.698		18.544
1280		0.31		0.695		18.831
1290		0.31		0.694		18.916
1300		0.31		0.695		18.813
1310		0.31		0.695		18.8
1320		0.31		0.696		18.754
1330		0.309		0.696		18.755
1340		0.309		0.697		18.706
1350		0.309		0.697		18.681
1360		0.308		0.698		18.641
1370		0.309		0.696		18.782
1380		0.309		0.696		18.78
1390		0.31		0.695		18.856
1400		0.312		0.693		19.076
1410		0.311		0.694		19.027
1420		0.311		0.694		19.01
1430		0.312		0.694		19.071
1440		0.312		0.694		19.057
1450		0.313		0.692		19.179
1460		0.314		0.691		19.291
1470		0.315		0.69		19.354
1480		0.313		0.692		19.218
1490		0.312		0.692		19.143
1500		0.312		0.693		19.13
1510		0.312		0.693		19.143
1520		0.313		0.692		19.223
1530		0.313		0.692		19.207
1540		0.313		0.692		19.179
1550		0.313		0.692		19.222
1560		0.313		0.692		19.236
1570		0.313		0.692		19.148
1580		0.311		0.694		19.016
1590		0.312		0.693		19.05
1600		0.311		0.694		18.988
1610		0.312		0.692		19.115
1620		0.312		0.693		19.05
1630		0.311		0.693		19.01
1640		0.31		0.694		18.891
1650		0.311		0.693		18.996
1660		0.309		0.695		18.839
1670		0.31		0.695		18.895
1680		0.309		0.695		18.838
1690		0.31		0.695		18.886
1700		0.31		0.695		18.904
1710		0.311		0.694		19.01
1720		0.312		0.692		19.136
1730		0.312		0.692		19.137
1740		0.311		0.694		19.038
1750		0.31		0.695		18.915
1760		0.311		0.693		19.076
1770		0.311		0.693		19.036
1780		0.311		0.694		18.956
1790		0.309		0.695		18.842
1800		0.309		0.696		18.859
1810		0.309		0.696		18.797
1820		0.308		0.697		18.739
1830		0.308		0.697		18.734
1840		0.309		0.696		18.774
1850		0.31		0.695		18.875
1860		0.309		0.696		18.781
1870		0.309		0.696		18.825
1880		0.308		0.697		18.706
1890		0.308		0.697		18.705
1900		0.307		0.697		18.644
1910		0.306		0.698		18.53
1920		0.307		0.697		18.625
1930		0.306		0.698		18.549
1940		0.306		0.699		18.498
1950		0.306		0.699		18.484
1960		0.306		0.699		18.498
1970		0.306		0.699		18.513
1980		0.305		0.699		18.473
1990		0.306		0.698		18.569
2000		0.307		0.698		18.67
2010		0.307		0.697		18.733
2020		0.307		0.698		18.698
2030		0.308		0.696		18.82
2040		0.308		0.696		18.811
2050		0.307		0.698		18.655
2060		0.307		0.697		18.698
2070		0.307		0.698		18.664
2080		0.307		0.697		18.724
2090		0.307		0.697		18.716
2100		0.308		0.697		18.743
2110		0.309		0.696		18.879
2120		0.309		0.696		18.916
2130		0.308		0.697		18.825
2140		0.31		0.695		18.965
2150		0.31		0.695		18.955
2160		0.311		0.695		19.059
2170		0.312		0.694		19.141
2180		0.311		0.694		19.124
2190		0.311		0.695		19.093
2200		0.31		0.695		19.046
2210		0.31		0.696		18.97
2220		0.31		0.695		19.049
2230		0.311		0.694		19.134
2240		0.31		0.695		19.041
2250		0.312		0.694		19.166
2260		0.312		0.693		19.237
2270		0.314		0.692		19.359
2280		0.314		0.691		19.405
2290		0.314		0.691		19.41
2300		0.314		0.691		19.457
2310		0.313		0.692		19.38
2320		0.314		0.691		19.409
2330		0.313		0.692		19.365
2340		0.314		0.691		19.441
2350		0.314		0.691		19.476
2360		0.314		0.691		19.471
2370		0.316		0.69		19.592
2380		0.316		0.69		19.59
2390		0.316		0.689		19.67
2400		0.316		0.689		19.666
2410		0.317		0.688		19.753
2420		0.317		0.688		19.789
2430		0.317		0.688		19.748
2440		0.316		0.689		19.701
2450		0.316		0.689		19.701
2460		0.316		0.689		19.648
2470		0.317		0.688		19.712
2480		0.316		0.689		19.682
2490		0.315		0.69		19.589
2500		0.315		0.69		19.543
2510		0.315		0.69		19.553
2520		0.315		0.69		19.553
2530		0.315		0.69		19.538
2540		0.315		0.69		19.537
2550		0.315		0.69		19.53
2560		0.315		0.69		19.598
2570		0.315		0.69		19.59
2580		0.314		0.691		19.485
2590		0.314		0.69		19.517
2600		0.315		0.69		19.562
2610		0.314		0.691		19.53
2620		0.315		0.69		19.564
2630		0.314		0.691		19.508
2640		0.314		0.691		19.498
2650		0.313		0.691		19.432
2660		0.313		0.692		19.431
2670		0.314		0.691		19.464
2680		0.314		0.69		19.534
2690		0.315		0.69		19.564
2700		0.316		0.689		19.656
2710		0.316		0.689		19.634
2720		0.316		0.689		19.634
2730		0.316		0.688		19.708
2740		0.315		0.689		19.649
2750		0.315		0.689		19.648
2760		0.316		0.689		19.672
2770		0.317		0.688		19.802
2780		0.317		0.687		19.844
2790		0.317		0.687		19.832
2800		0.316		0.688		19.728
2810		0.316		0.688		19.773
2820		0.316		0.688		19.764
2830		0.317		0.688		19.798
2840		0.317		0.688		19.79
2850		0.317		0.688		19.806
2860		0.317		0.688		19.833
2870		0.316		0.688		19.808
2880		0.317		0.687		19.873
2890		0.316		0.688		19.781
2900		0.316		0.689		19.695
2910		0.316		0.69		19.671
2920		0.316		0.689		19.704
2930		0.318		0.688		19.857
2940		0.318		0.687		19.881
2950		0.318		0.687		19.875
2960		0.318		0.687		19.884
2970		0.318		0.687		19.911
2980		0.319		0.686		19.995
2990		0.32		0.685		20.061
3000		0.319		0.686		20.03
3010		0.319		0.686		19.999
3020		0.32		0.686		20.048
3030		0.321		0.685		20.14
3040		0.32		0.685		20.07
3050		0.32		0.685		20.064
3060		0.32		0.686		20.057
3070		0.32		0.685		20.085
3080		0.32		0.686		20.062
3090		0.319		0.686		20.024
3100		0.319		0.686		19.987
3110		0.319		0.686		19.961
3120		0.319		0.686		20.025
3130		0.319		0.686		19.965
3140		0.318		0.687		19.928
3150		0.318		0.687		19.894
3160		0.318		0.688		19.862
3170		0.317		0.688		19.828
3180		0.317		0.688		19.848
3190		0.318		0.687		19.88
3200		0.318		0.687		19.924
3210		0.319		0.687		19.955
3220		0.319		0.686		19.978
3230		0.319		0.686		19.971
3240		0.319		0.686		20.014
3250		0.32		0.685		20.094
3260		0.32		0.685		20.145
3270		0.32		0.685		20.134
3280		0.321		0.684		20.17
3290		0.32		0.685		20.094
3300		0.32		0.685		20.061
3310		0.319		0.685		20.048
3320		0.32		0.685		20.108
3330		0.32		0.685		20.13
3340		0.32		0.685		20.072
3350		0.319		0.686		20.004
3360		0.319		0.686		19.987
3370		0.319		0.686		20.011
3380		0.32		0.685		20.052
3390		0.32		0.685		20.088
3400		0.32		0.686		20.059
3410		0.32		0.686		20.063
3420		0.32		0.685		20.085
3430		0.32		0.685		20.079
3440		0.32		0.685		20.152
3450		0.32		0.685		20.065
3460		0.32		0.686		20.041
3470		0.319		0.686		20.01
3480		0.32		0.685		20.088
3490		0.32		0.686		20.07
3500		0.32		0.685		20.126
3510		0.321		0.685		20.175
3520		0.32		0.685		20.116
3530		0.32		0.685		20.115
3540		0.319		0.686		20.03
3550		0.32		0.686		20.066
3560		0.319		0.686		20.022
3570		0.32		0.686		20.066
3580		0.32		0.685		20.087
3590		0.32		0.685		20.114
3600		0.32		0.686		20.079
3610		0.32		0.686		20.06
3620		0.32		0.685		20.088
3630		0.32		0.685		20.073
3640		0.32		0.686		20.042
3650		0.319		0.686		20.011
3660		0.32		0.685		20.087
3670		0.321		0.684		20.155
3680		0.321		0.684		20.216
3690		0.322		0.684		20.239
3700		0.322		0.684		20.229
3710		0.321		0.684		20.224
3720		0.322		0.684		20.248
3730		0.322		0.684		20.278
3740		0.322		0.684		20.254
3750		0.322		0.683		20.3
3760		0.323		0.683		20.351
3770		0.323		0.683		20.403
3780		0.323		0.683		20.369
3790		0.322		0.683		20.322
3800		0.322		0.683		20.308
3810		0.322		0.683		20.336
3820		0.322		0.683		20.322
3830		0.322		0.683		20.29
3840		0.323		0.683		20.342
3850		0.323		0.682		20.383
3860		0.324		0.682		20.435
3870		0.323		0.682		20.409
3880		0.323		0.682		20.405
3890		0.324		0.682		20.453
3900		0.323		0.682		20.397
3910		0.323		0.682		20.363
3920		0.323		0.682		20.403
3930		0.323		0.682		20.411
3940		0.323		0.682		20.414
3950		0.324		0.681		20.519
3960		0.324		0.681		20.546
3970		0.325		0.681		20.564
3980		0.325		0.68		20.636
3990		0.325		0.68		20.649
numWins1300.0
numLosses2717.0
