NumRounds	Winrate		LossRate
0		0.1		0.8		0.601
10		0.05		0.9		-10.449
20		0.1		0.867		-4.366
30		0.125		0.85		-2.9
40		0.1		0.88		-5.76
50		0.1		0.884		-6.683
60		0.086		0.9		-8.442
70		0.088		0.9		-8.449
80		0.078		0.912		-9.3
90		0.07		0.92		-10.22
100		0.073		0.919		-9.872
110		0.075		0.917		-9.774
120		0.077		0.916		-9.476
130		0.079		0.915		-9.178
140		0.08		0.914		-8.966
150		0.075		0.919		-9.675
160		0.077		0.918		-9.111
170		0.089		0.906		-7.744
180		0.085		0.911		-7.868
190		0.08		0.915		-8.34
200		0.081		0.915		-8.052
210		0.078		0.919		-8.54
220		0.074		0.922		-8.813
230		0.071		0.925		-9.279
240		0.068		0.928		-9.659
250		0.07		0.927		-9.58
260		0.067		0.93		-9.84
270		0.068		0.929		-9.864
280		0.066		0.932		-10.137
290		0.067		0.93		-10.173
300		0.068		0.93		-10.199
310		0.069		0.929		-10.103
320		0.067		0.931		-10.393
330		0.071		0.927		-10.102
340		0.069		0.929		-10.462
350		0.067		0.931		-10.677
360		0.065		0.933		-10.886
370		0.064		0.935		-11.005
380		0.062		0.936		-11.179
390		0.063		0.935		-11.055
400		0.064		0.935		-11.019
410		0.062		0.936		-11.185
420		0.063		0.935		-11.1
430		0.062		0.937		-11.181
440		0.06		0.938		-11.331
450		0.059		0.94		-11.33
460		0.058		0.941		-11.397
470		0.059		0.942		-11.36
480		0.06		0.943		-11.367
490		0.058		0.944		-11.574
500		0.061		0.942		-11.303
510		0.062		0.941		-11.126
520		0.061		0.942		-11.226
530		0.06		0.943		-11.353
540		0.059		0.944		-11.398
550		0.059		0.943		-11.316
560		0.058		0.944		-11.461
570		0.059		0.944		-11.399
580		0.058		0.945		-11.464
590		0.057		0.945		-11.551
600		0.058		0.945		-11.534
610		0.057		0.946		-11.654
620		0.058		0.945		-11.592
630		0.057		0.946		-11.671
640		0.056		0.947		-11.773
650		0.057		0.947		-11.757
660		0.056		0.948		-11.786
670		0.055		0.949		-11.919
680		0.056		0.948		-11.814
690		0.055		0.949		-11.942
700		0.054		0.95		-11.98
710		0.055		0.949		-11.949
720		0.055		0.948		-11.916
730		0.055		0.949		-11.968
740		0.054		0.95		-12.046
750		0.054		0.949		-11.955
760		0.054		0.95		-12.023
770		0.053		0.95		-12.143
780		0.054		0.95		-12.055
790		0.054		0.949		-11.996
800		0.054		0.95		-12.061
810		0.053		0.95		-12.095
820		0.052		0.951		-12.137
830		0.054		0.95		-11.988
840		0.053		0.951		-12.05
850		0.053		0.952		-12.145
860		0.052		0.952		-12.24
870		0.052		0.953		-12.32
880		0.051		0.953		-12.382
890		0.052		0.953		-12.317
900		0.052		0.953		-12.292
910		0.052		0.954		-12.328
920		0.052		0.953		-12.26
930		0.053		0.954		-12.258
940		0.052		0.954		-12.312
950		0.053		0.954		-12.252
960		0.053		0.953		-12.174
970		0.054		0.953		-12.19
980		0.053		0.953		-12.227
990		0.053		0.952		-12.199
1000		0.054		0.952		-12.132
1010		0.054		0.952		-12.144
1020		0.056		0.951		-11.953
1030		0.055		0.951		-12.031
1040		0.057		0.951		-11.898
1050		0.056		0.951		-11.954
1060		0.056		0.952		-12.009
1070		0.055		0.952		-12.059
1080		0.055		0.953		-12.14
1090		0.054		0.953		-12.21
1100		0.054		0.954		-12.296
1110		0.053		0.954		-12.341
1120		0.054		0.954		-12.311
1130		0.054		0.953		-12.285
1140		0.054		0.953		-12.246
1150		0.054		0.953		-12.287
1160		0.054		0.953		-12.245
1170		0.054		0.953		-12.271
1180		0.053		0.953		-12.357
1190		0.053		0.954		-12.379
1200		0.053		0.953		-12.337
1210		0.053		0.954		-12.39
1220		0.053		0.954		-12.413
1230		0.052		0.955		-12.438
1240		0.052		0.955		-12.531
1250		0.051		0.955		-12.57
1260		0.052		0.955		-12.543
1270		0.051		0.955		-12.565
1280		0.052		0.956		-12.537
1290		0.051		0.956		-12.564
1300		0.052		0.955		-12.536
1310		0.051		0.956		-12.556
1320		0.052		0.955		-12.492
1330		0.051		0.956		-12.51
1340		0.052		0.955		-12.479
1350		0.051		0.956		-12.516
1360		0.051		0.956		-12.532
1370		0.051		0.956		-12.514
1380		0.051		0.956		-12.531
1390		0.05		0.956		-12.547
1400		0.05		0.957		-12.585
1410		0.05		0.956		-12.534
1420		0.051		0.956		-12.459
1430		0.05		0.956		-12.502
1440		0.05		0.956		-12.499
1450		0.05		0.957		-12.56
1460		0.05		0.956		-12.519
1470		0.051		0.955		-12.397
1480		0.051		0.956		-12.453
1490		0.051		0.955		-12.406
1500		0.051		0.955		-12.43
1510		0.05		0.956		-12.479
1520		0.051		0.955		-12.423
1530		0.051		0.955		-12.426
1540		0.051		0.955		-12.396
1550		0.051		0.955		-12.458
1560		0.051		0.955		-12.492
1570		0.051		0.955		-12.457
1580		0.052		0.954		-12.385
1590		0.052		0.954		-12.408
1600		0.051		0.955		-12.444
1610		0.051		0.955		-12.482
1620		0.051		0.955		-12.504
1630		0.051		0.955		-12.47
1640		0.051		0.954		-12.42
1650		0.051		0.955		-12.477
1660		0.051		0.955		-12.5
1670		0.05		0.955		-12.5
1680		0.051		0.955		-12.444
1690		0.05		0.955		-12.488
1700		0.052		0.954		-12.344
1710		0.052		0.953		-12.327
1720		0.053		0.953		-12.278
1730		0.052		0.953		-12.299
1740		0.052		0.953		-12.269
1750		0.053		0.953		-12.25
1760		0.053		0.952		-12.202
1770		0.053		0.953		-12.221
1780		0.053		0.952		-12.183
1790		0.053		0.952		-12.152
1800		0.053		0.952		-12.198
1810		0.053		0.953		-12.216
1820		0.052		0.953		-12.235
1830		0.052		0.953		-12.279
1840		0.052		0.953		-12.317
1850		0.052		0.954		-12.373
1860		0.052		0.953		-12.344
1870		0.052		0.954		-12.371
1880		0.051		0.954		-12.401
1890		0.052		0.954		-12.315
1900		0.052		0.953		-12.285
1910		0.053		0.953		-12.265
1920		0.052		0.953		-12.282
1930		0.053		0.953		-12.278
1940		0.052		0.953		-12.327
1950		0.053		0.953		-12.323
1960		0.052		0.953		-12.354
1970		0.053		0.953		-12.352
1980		0.052		0.953		-12.358
1990		0.052		0.953		-12.377
2000		0.052		0.954		-12.408
2010		0.052		0.953		-12.37
2020		0.052		0.953		-12.352
2030		0.052		0.953		-12.384
2040		0.053		0.953		-12.307
2050		0.053		0.952		-12.223
2060		0.054		0.952		-12.166
2070		0.054		0.952		-12.19
2080		0.054		0.952		-12.182
2090		0.054		0.952		-12.218
2100		0.054		0.952		-12.22
2110		0.053		0.952		-12.234
2120		0.053		0.953		-12.261
2130		0.053		0.953		-12.305
2140		0.053		0.953		-12.326
2150		0.052		0.953		-12.361
2160		0.052		0.953		-12.393
2170		0.052		0.954		-12.417
2180		0.052		0.953		-12.378
2190		0.053		0.953		-12.33
2200		0.053		0.953		-12.299
2210		0.053		0.953		-12.316
2220		0.053		0.953		-12.327
2230		0.052		0.953		-12.356
2240		0.052		0.953		-12.378
2250		0.052		0.953		-12.358
2260		0.052		0.953		-12.391
2270		0.052		0.954		-12.42
2280		0.052		0.954		-12.448
2290		0.051		0.954		-12.47
2300		0.052		0.954		-12.435
2310		0.051		0.954		-12.475
2320		0.051		0.954		-12.503
2330		0.051		0.954		-12.494
2340		0.051		0.954		-12.505
2350		0.051		0.954		-12.535
2360		0.051		0.955		-12.521
2370		0.051		0.955		-12.505
2380		0.051		0.955		-12.528
2390		0.05		0.955		-12.561
2400		0.05		0.955		-12.595
2410		0.05		0.955		-12.6
2420		0.05		0.956		-12.601
2430		0.05		0.955		-12.597
2440		0.05		0.955		-12.572
2450		0.05		0.955		-12.556
2460		0.05		0.955		-12.573
2470		0.05		0.955		-12.6
2480		0.05		0.955		-12.563
2490		0.05		0.955		-12.574
2500		0.05		0.955		-12.59
2510		0.05		0.955		-12.565
2520		0.05		0.955		-12.579
2530		0.05		0.955		-12.584
2540		0.05		0.955		-12.607
2550		0.05		0.955		-12.551
2560		0.051		0.954		-12.486
2570		0.051		0.954		-12.493
2580		0.051		0.954		-12.447
2590		0.052		0.954		-12.427
2600		0.052		0.953		-12.418
2610		0.052		0.954		-12.441
2620		0.051		0.954		-12.461
2630		0.052		0.953		-12.404
2640		0.052		0.953		-12.431
2650		0.052		0.954		-12.441
2660		0.051		0.954		-12.464
2670		0.052		0.954		-12.458
2680		0.051		0.954		-12.475
2690		0.051		0.954		-12.487
2700		0.051		0.954		-12.501
2710		0.051		0.954		-12.486
2720		0.051		0.954		-12.462
2730		0.052		0.953		-12.37
2740		0.052		0.953		-12.362
2750		0.053		0.953		-12.318
2760		0.053		0.952		-12.307
2770		0.053		0.953		-12.317
2780		0.053		0.953		-12.329
2790		0.053		0.953		-12.363
2800		0.053		0.953		-12.342
2810		0.053		0.953		-12.37
2820		0.052		0.954		-12.37
2830		0.052		0.954		-12.394
2840		0.052		0.954		-12.428
2850		0.053		0.953		-12.371
2860		0.052		0.953		-12.384
2870		0.052		0.954		-12.407
2880		0.053		0.953		-12.347
2890		0.053		0.953		-12.319
2900		0.053		0.953		-12.342
2910		0.053		0.953		-12.36
2920		0.053		0.953		-12.339
2930		0.053		0.953		-12.378
2940		0.053		0.953		-12.363
2950		0.053		0.953		-12.398
2960		0.052		0.953		-12.419
2970		0.053		0.953		-12.407
2980		0.053		0.953		-12.413
2990		0.052		0.953		-12.406
3000		0.053		0.953		-12.395
3010		0.053		0.953		-12.361
3020		0.053		0.953		-12.386
3030		0.053		0.953		-12.402
3040		0.053		0.953		-12.386
3050		0.052		0.953		-12.408
3060		0.052		0.954		-12.424
3070		0.052		0.954		-12.424
3080		0.053		0.954		-12.42
3090		0.052		0.954		-12.441
3100		0.052		0.954		-12.465
3110		0.052		0.954		-12.478
3120		0.052		0.954		-12.501
3130		0.052		0.954		-12.522
3140		0.052		0.954		-12.534
3150		0.052		0.954		-12.507
3160		0.052		0.954		-12.541
3170		0.052		0.954		-12.522
3180		0.052		0.954		-12.533
3190		0.051		0.955		-12.543
3200		0.051		0.955		-12.567
3210		0.051		0.955		-12.595
3220		0.051		0.955		-12.613
3230		0.051		0.955		-12.629
3240		0.051		0.955		-12.647
3250		0.051		0.955		-12.631
3260		0.051		0.956		-12.628
3270		0.051		0.955		-12.61
3280		0.051		0.956		-12.632
3290		0.05		0.956		-12.645
3300		0.05		0.956		-12.675
3310		0.05		0.956		-12.682
3320		0.05		0.956		-12.683
3330		0.05		0.956		-12.655
3340		0.05		0.956		-12.653
3350		0.05		0.956		-12.622
3360		0.05		0.956		-12.613
3370		0.05		0.956		-12.586
3380		0.05		0.956		-12.605
3390		0.05		0.956		-12.624
3400		0.05		0.956		-12.631
3410		0.051		0.955		-12.558
3420		0.051		0.955		-12.512
3430		0.051		0.955		-12.504
3440		0.051		0.955		-12.523
3450		0.051		0.955		-12.532
3460		0.051		0.955		-12.544
3470		0.051		0.955		-12.516
3480		0.051		0.955		-12.514
3490		0.051		0.954		-12.479
3500		0.051		0.954		-12.463
3510		0.051		0.954		-12.458
3520		0.051		0.955		-12.468
3530		0.051		0.955		-12.488
3540		0.051		0.955		-12.468
3550		0.051		0.955		-12.482
3560		0.052		0.954		-12.42
3570		0.052		0.954		-12.384
3580		0.052		0.954		-12.376
3590		0.052		0.954		-12.35
3600		0.052		0.954		-12.336
3610		0.052		0.954		-12.351
3620		0.052		0.954		-12.357
3630		0.052		0.954		-12.365
3640		0.052		0.954		-12.386
3650		0.052		0.954		-12.398
3660		0.051		0.954		-12.413
3670		0.051		0.955		-12.423
3680		0.051		0.954		-12.423
3690		0.051		0.955		-12.434
3700		0.051		0.954		-12.407
3710		0.052		0.954		-12.365
3720		0.052		0.954		-12.346
3730		0.052		0.954		-12.339
3740		0.052		0.954		-12.353
3750		0.052		0.954		-12.375
3760		0.052		0.955		-12.39
3770		0.052		0.954		-12.355
3780		0.052		0.954		-12.341
3790		0.052		0.954		-12.347
3800		0.052		0.955		-12.361
3810		0.052		0.954		-12.337
3820		0.052		0.955		-12.356
3830		0.052		0.955		-12.36
3840		0.052		0.955		-12.381
3850		0.052		0.955		-12.4
3860		0.051		0.955		-12.413
3870		0.051		0.955		-12.429
3880		0.051		0.955		-12.422
3890		0.051		0.955		-12.434
3900		0.052		0.955		-12.389
3910		0.052		0.955		-12.395
3920		0.051		0.955		-12.404
3930		0.052		0.955		-12.393
3940		0.052		0.955		-12.363
3950		0.052		0.954		-12.308
3960		0.052		0.954		-12.302
3970		0.052		0.954		-12.313
3980		0.052		0.954		-12.317
3990		0.052		0.954		-12.312
numWins207.0
numLosses3816.0
