NumRounds	Winrate		LossRate
0		0.1		0.8		-1.6
10		0.05		0.9		-11.5
20		0.034		0.934		-14.133
30		0.05		0.925		-12.1
40		0.06		0.92		-11.939
50		0.05		0.934		-13.466
60		0.043		0.943		-14.342
70		0.038		0.95		-15.274
80		0.034		0.956		-15.244
90		0.04		0.95		-14.569
100		0.046		0.955		-13.981
110		0.05		0.95		-12.983
120		0.054		0.947		-12.699
130		0.05		0.95		-13.057
140		0.047		0.954		-13.566
150		0.044		0.957		-13.787
160		0.048		0.959		-13.394
170		0.05		0.962		-13.188
180		0.048		0.964		-13.505
190		0.045		0.965		-13.72
200		0.043		0.967		-13.885
210		0.041		0.969		-14.168
220		0.048		0.966		-13.6
230		0.046		0.967		-13.85
240		0.056		0.956		-12.784
250		0.058		0.954		-12.626
260		0.056		0.956		-12.796
270		0.054		0.958		-12.971
280		0.052		0.959		-13.082
290		0.05		0.96		-13.186
300		0.049		0.962		-13.322
310		0.047		0.963		-13.337
320		0.049		0.961		-13.157
330		0.048		0.962		-13.3
340		0.046		0.963		-13.437
350		0.045		0.964		-13.566
360		0.044		0.965		-13.791
370		0.043		0.966		-13.831
380		0.042		0.967		-13.971
390		0.04		0.968		-13.954
400		0.042		0.966		-13.743
410		0.043		0.965		-13.597
420		0.045		0.963		-13.513
430		0.044		0.964		-13.62
440		0.045		0.963		-13.455
450		0.046		0.961		-13.323
460		0.047		0.96		-13.24
470		0.048		0.959		-13.156
480		0.047		0.96		-13.257
490		0.05		0.956		-12.977
500		0.051		0.955		-12.913
510		0.05		0.956		-13.082
520		0.05		0.957		-13.064
530		0.054		0.954		-12.627
540		0.053		0.955		-12.649
550		0.056		0.952		-12.373
560		0.057		0.951		-12.245
570		0.057		0.952		-12.199
580		0.056		0.953		-12.306
590		0.055		0.954		-12.376
600		0.055		0.955		-12.401
610		0.057		0.954		-12.149
620		0.056		0.954		-12.22
630		0.055		0.955		-12.199
640		0.054		0.956		-12.316
650		0.054		0.957		-12.436
660		0.053		0.957		-12.513
670		0.053		0.956		-12.433
680		0.056		0.954		-12.194
690		0.056		0.955		-12.135
700		0.055		0.955		-12.194
710		0.055		0.956		-12.213
720		0.054		0.957		-12.284
730		0.055		0.956		-12.21
740		0.054		0.956		-12.258
750		0.053		0.957		-12.365
760		0.052		0.958		-12.409
770		0.052		0.958		-12.496
780		0.052		0.957		-12.391
790		0.052		0.958		-12.444
800		0.054		0.956		-12.201
810		0.053		0.957		-12.208
820		0.054		0.956		-12.148
830		0.054		0.956		-12.063
840		0.056		0.955		-11.905
850		0.055		0.955		-11.972
860		0.056		0.955		-11.937
870		0.055		0.955		-12.009
880		0.054		0.956		-12.029
890		0.054		0.956		-12.072
900		0.054		0.957		-12.021
910		0.054		0.957		-12.035
920		0.053		0.957		-12.118
930		0.053		0.958		-12.182
940		0.052		0.958		-12.227
950		0.053		0.958		-12.165
960		0.052		0.958		-12.251
970		0.053		0.958		-12.22
980		0.053		0.957		-12.171
990		0.056		0.954		-11.833
1000		0.056		0.955		-11.89
1010		0.055		0.955		-11.946
1020		0.055		0.956		-12.03
1030		0.055		0.955		-11.973
1040		0.056		0.955		-11.903
1050		0.056		0.954		-11.843
1060		0.058		0.952		-11.655
1070		0.058		0.952		-11.713
1080		0.057		0.953		-11.757
1090		0.057		0.953		-11.793
1100		0.056		0.954		-11.885
1110		0.057		0.953		-11.835
1120		0.056		0.954		-11.904
1130		0.056		0.954		-11.95
1140		0.055		0.954		-12.006
1150		0.056		0.954		-11.978
1160		0.056		0.953		-11.925
1170		0.056		0.953		-11.896
1180		0.056		0.953		-11.973
1190		0.055		0.954		-12.014
1200		0.055		0.954		-12.063
1210		0.055		0.955		-12.1
1220		0.054		0.955		-12.139
1230		0.054		0.955		-12.176
1240		0.053		0.956		-12.197
1250		0.054		0.955		-12.177
1260		0.053		0.956		-12.244
1270		0.053		0.956		-12.277
1280		0.052		0.956		-12.324
1290		0.052		0.957		-12.372
1300		0.052		0.957		-12.4
1310		0.051		0.957		-12.437
1320		0.052		0.958		-12.404
1330		0.051		0.958		-12.447
1340		0.051		0.958		-12.49
1350		0.05		0.959		-12.515
1360		0.05		0.959		-12.562
1370		0.051		0.958		-12.455
1380		0.052		0.957		-12.369
1390		0.053		0.957		-12.324
1400		0.052		0.957		-12.365
1410		0.052		0.958		-12.409
1420		0.052		0.958		-12.479
1430		0.052		0.957		-12.431
1440		0.052		0.958		-12.477
1450		0.052		0.957		-12.46
1460		0.052		0.957		-12.459
1470		0.052		0.957		-12.497
1480		0.052		0.958		-12.524
1490		0.052		0.956		-12.409
1500		0.052		0.957		-12.432
1510		0.052		0.956		-12.387
1520		0.053		0.955		-12.262
1530		0.053		0.956		-12.307
1540		0.053		0.956		-12.347
1550		0.052		0.956		-12.391
1560		0.053		0.956		-12.38
1570		0.052		0.956		-12.401
1580		0.052		0.956		-12.434
1590		0.052		0.957		-12.466
1600		0.051		0.957		-12.485
1610		0.052		0.957		-12.487
1620		0.052		0.956		-12.43
1630		0.052		0.956		-12.384
1640		0.053		0.955		-12.267
1650		0.053		0.955		-12.293
1660		0.053		0.956		-12.337
1670		0.052		0.956		-12.369
1680		0.053		0.956		-12.336
1690		0.053		0.955		-12.231
1700		0.054		0.955		-12.197
1710		0.053		0.955		-12.233
1720		0.053		0.955		-12.28
1730		0.053		0.955		-12.263
1740		0.054		0.955		-12.251
1750		0.053		0.955		-12.294
1760		0.053		0.955		-12.329
1770		0.053		0.956		-12.342
1780		0.052		0.956		-12.379
1790		0.052		0.956		-12.412
1800		0.052		0.956		-12.395
1810		0.052		0.957		-12.415
1820		0.052		0.956		-12.398
1830		0.053		0.956		-12.367
1840		0.052		0.956		-12.406
1850		0.052		0.956		-12.445
1860		0.052		0.956		-12.394
1870		0.052		0.956		-12.402
1880		0.052		0.956		-12.375
1890		0.052		0.956		-12.38
1900		0.052		0.957		-12.427
1910		0.052		0.956		-12.393
1920		0.052		0.956		-12.42
1930		0.052		0.956		-12.383
1940		0.052		0.956		-12.349
1950		0.052		0.956		-12.387
1960		0.052		0.956		-12.415
1970		0.052		0.957		-12.443
1980		0.052		0.956		-12.424
1990		0.051		0.956		-12.464
2000		0.051		0.957		-12.485
2010		0.051		0.956		-12.442
2020		0.051		0.957		-12.486
2030		0.051		0.956		-12.449
2040		0.051		0.957		-12.49
2050		0.051		0.956		-12.465
2060		0.051		0.957		-12.492
2070		0.051		0.957		-12.518
2080		0.051		0.956		-12.514
2090		0.051		0.956		-12.499
2100		0.052		0.956		-12.46
2110		0.051		0.956		-12.479
2120		0.052		0.956		-12.459
2130		0.051		0.956		-12.471
2140		0.052		0.956		-12.446
2150		0.052		0.955		-12.379
2160		0.052		0.955		-12.401
2170		0.052		0.956		-12.425
2180		0.052		0.956		-12.393
2190		0.052		0.955		-12.381
2200		0.052		0.956		-12.406
2210		0.052		0.955		-12.385
2220		0.052		0.956		-12.403
2230		0.052		0.955		-12.379
2240		0.052		0.956		-12.403
2250		0.052		0.956		-12.431
2260		0.053		0.955		-12.314
2270		0.054		0.954		-12.248
2280		0.054		0.954		-12.238
2290		0.054		0.954		-12.216
2300		0.054		0.954		-12.239
2310		0.054		0.954		-12.228
2320		0.054		0.955		-12.232
2330		0.053		0.955		-12.25
2340		0.053		0.955		-12.264
2350		0.054		0.955		-12.22
2360		0.054		0.955		-12.231
2370		0.053		0.955		-12.237
2380		0.053		0.955		-12.263
2390		0.053		0.955		-12.287
2400		0.053		0.956		-12.29
2410		0.053		0.955		-12.278
2420		0.053		0.955		-12.269
2430		0.053		0.955		-12.281
2440		0.053		0.956		-12.31
2450		0.053		0.955		-12.3
2460		0.054		0.955		-12.232
2470		0.054		0.955		-12.204
2480		0.055		0.954		-12.097
2490		0.055		0.954		-12.072
2500		0.055		0.954		-12.044
2510		0.055		0.954		-12.077
2520		0.055		0.954		-12.096
2530		0.055		0.954		-12.032
2540		0.056		0.953		-11.973
2550		0.056		0.953		-11.946
2560		0.056		0.953		-11.97
2570		0.056		0.953		-11.964
2580		0.056		0.953		-12.001
2590		0.055		0.953		-12.008
2600		0.055		0.953		-12.044
2610		0.055		0.954		-12.075
2620		0.055		0.953		-12.058
2630		0.055		0.953		-12.041
2640		0.055		0.953		-12.075
2650		0.055		0.954		-12.076
2660		0.055		0.954		-12.092
2670		0.055		0.954		-12.099
2680		0.054		0.954		-12.131
2690		0.054		0.954		-12.157
2700		0.054		0.954		-12.166
2710		0.054		0.954		-12.155
2720		0.054		0.954		-12.173
2730		0.054		0.955		-12.19
2740		0.054		0.954		-12.166
2750		0.054		0.954		-12.171
2760		0.054		0.955		-12.186
2770		0.053		0.955		-12.19
2780		0.054		0.955		-12.187
2790		0.054		0.954		-12.172
2800		0.054		0.955		-12.193
2810		0.053		0.955		-12.224
2820		0.054		0.954		-12.181
2830		0.054		0.954		-12.208
2840		0.054		0.955		-12.186
2850		0.054		0.954		-12.156
2860		0.055		0.954		-12.105
2870		0.055		0.954		-12.105
2880		0.055		0.954		-12.082
2890		0.055		0.954		-12.094
2900		0.055		0.954		-12.108
2910		0.055		0.954		-12.132
2920		0.055		0.954		-12.131
2930		0.055		0.954		-12.158
2940		0.054		0.954		-12.172
2950		0.055		0.954		-12.108
2960		0.055		0.954		-12.118
2970		0.055		0.954		-12.128
2980		0.054		0.954		-12.133
2990		0.054		0.954		-12.105
3000		0.055		0.953		-12.034
3010		0.055		0.953		-12.059
3020		0.055		0.953		-12.043
3030		0.055		0.953		-12.021
3040		0.056		0.953		-12.014
3050		0.056		0.953		-12.008
3060		0.056		0.953		-12.029
3070		0.055		0.953		-12.04
3080		0.055		0.954		-12.06
3090		0.055		0.954		-12.064
3100		0.055		0.954		-12.079
3110		0.055		0.954		-12.093
3120		0.054		0.954		-12.112
3130		0.054		0.954		-12.12
3140		0.054		0.954		-12.107
3150		0.055		0.954		-12.1
3160		0.055		0.954		-12.068
3170		0.055		0.954		-12.08
3180		0.055		0.954		-12.073
3190		0.055		0.954		-12.058
3200		0.055		0.954		-12.077
3210		0.055		0.954		-12.061
3220		0.055		0.953		-12.047
3230		0.055		0.953		-12.01
3240		0.055		0.953		-11.976
3250		0.056		0.953		-11.928
3260		0.056		0.952		-11.909
3270		0.056		0.952		-11.891
3280		0.056		0.952		-11.881
3290		0.057		0.952		-11.872
3300		0.057		0.952		-11.824
3310		0.057		0.951		-11.787
3320		0.058		0.951		-11.75
3330		0.058		0.951		-11.726
3340		0.058		0.951		-11.751
3350		0.058		0.951		-11.741
3360		0.058		0.951		-11.732
3370		0.058		0.95		-11.664
3380		0.059		0.95		-11.643
3390		0.059		0.95		-11.624
3400		0.059		0.95		-11.613
3410		0.059		0.95		-11.64
3420		0.059		0.949		-11.608
3430		0.059		0.95		-11.593
3440		0.059		0.95		-11.624
3450		0.059		0.95		-11.617
3460		0.059		0.95		-11.641
3470		0.059		0.95		-11.651
3480		0.059		0.95		-11.636
3490		0.059		0.95		-11.635
3500		0.059		0.95		-11.649
3510		0.059		0.95		-11.661
3520		0.059		0.95		-11.648
3530		0.059		0.95		-11.638
3540		0.059		0.95		-11.632
3550		0.059		0.95		-11.649
3560		0.059		0.95		-11.611
3570		0.059		0.95		-11.625
3580		0.059		0.95		-11.638
3590		0.059		0.95		-11.643
3600		0.059		0.95		-11.612
3610		0.059		0.95		-11.627
3620		0.059		0.949		-11.588
3630		0.06		0.949		-11.561
3640		0.06		0.949		-11.555
3650		0.06		0.948		-11.478
3660		0.06		0.948		-11.493
3670		0.061		0.948		-11.466
3680		0.061		0.948		-11.452
3690		0.06		0.948		-11.468
3700		0.061		0.948		-11.453
3710		0.06		0.948		-11.455
3720		0.061		0.948		-11.414
3730		0.061		0.948		-11.435
3740		0.061		0.948		-11.407
3750		0.061		0.948		-11.411
3760		0.061		0.948		-11.434
3770		0.061		0.948		-11.442
3780		0.061		0.948		-11.43
3790		0.06		0.948		-11.447
3800		0.061		0.949		-11.438
3810		0.06		0.949		-11.45
3820		0.061		0.948		-11.408
3830		0.061		0.948		-11.436
3840		0.061		0.948		-11.424
3850		0.061		0.948		-11.422
3860		0.061		0.948		-11.39
3870		0.061		0.948		-11.405
3880		0.061		0.948		-11.396
3890		0.061		0.948		-11.413
3900		0.061		0.948		-11.437
3910		0.061		0.948		-11.43
3920		0.061		0.948		-11.445
3930		0.061		0.948		-11.463
3940		0.06		0.949		-11.487
3950		0.06		0.949		-11.498
3960		0.06		0.949		-11.512
3970		0.06		0.949		-11.525
3980		0.06		0.949		-11.522
3990		0.06		0.949		-11.524
numWins238.0
numLosses3794.0
