NumRounds	Winrate		LossRate
0		0		0.9		-15.6
10		0		0.95		-16.399
20		0.034		0.934		-13.066
30		0.025		0.95		-13.6
40		0.02		0.96		-14.279
50		0.034		0.95		-13.216
60		0.029		0.958		-14.471
70		0.038		0.95		-14.012
80		0.056		0.945		-12.655
90		0.05		0.95		-13.42
100		0.046		0.955		-13.954
110		0.059		0.95		-12.824
120		0.062		0.947		-12.376
130		0.065		0.943		-12.085
140		0.06		0.947		-12.246
150		0.057		0.95		-12.324
160		0.059		0.948		-11.958
170		0.062		0.945		-11.772
180		0.058		0.948		-12.173
190		0.055		0.95		-12.739
200		0.058		0.948		-12.542
210		0.055		0.95		-12.809
220		0.053		0.953		-13.126
230		0.05		0.955		-13.254
240		0.048		0.956		-13.447
250		0.05		0.954		-13.292
260		0.049		0.956		-13.418
270		0.05		0.954		-13.114
280		0.052		0.952		-12.813
290		0.057		0.947		-12.329
300		0.062		0.942		-11.712
310		0.063		0.941		-11.496
320		0.061		0.943		-11.684
330		0.059		0.945		-11.976
340		0.06		0.943		-11.76
350		0.059		0.945		-11.947
360		0.057		0.946		-12.021
370		0.064		0.943		-11.407
380		0.067		0.939		-11.117
390		0.065		0.94		-11.369
400		0.064		0.942		-11.612
410		0.062		0.943		-11.721
420		0.061		0.945		-11.802
430		0.06		0.946		-11.927
440		0.058		0.947		-12.035
450		0.057		0.948		-12.165
460		0.056		0.949		-12.189
470		0.055		0.95		-12.356
480		0.056		0.949		-12.308
490		0.054		0.95		-12.444
500		0.053		0.951		-12.568
510		0.054		0.95		-12.49
520		0.053		0.951		-12.62
530		0.052		0.952		-12.699
540		0.053		0.951		-12.572
550		0.054		0.95		-12.483
560		0.053		0.951		-12.556
570		0.056		0.949		-12.251
580		0.058		0.946		-11.967
590		0.057		0.947		-11.984
600		0.056		0.948		-12.072
610		0.055		0.949		-12.135
620		0.056		0.948		-12.087
630		0.055		0.949		-12.142
640		0.054		0.95		-12.272
650		0.054		0.95		-12.359
660		0.053		0.951		-12.464
670		0.052		0.952		-12.622
680		0.053		0.951		-12.539
690		0.052		0.952		-12.568
700		0.053		0.951		-12.464
710		0.055		0.949		-12.27
720		0.054		0.95		-12.363
730		0.053		0.95		-12.436
740		0.054		0.95		-12.354
750		0.056		0.948		-12.113
760		0.056		0.947		-12.054
770		0.056		0.948		-12.106
780		0.055		0.949		-12.169
790		0.054		0.949		-12.243
800		0.055		0.95		-12.211
810		0.055		0.949		-12.176
820		0.056		0.949		-12.108
830		0.056		0.949		-12.023
840		0.057		0.949		-11.995
850		0.056		0.949		-12.047
860		0.056		0.95		-12.126
870		0.056		0.949		-12.081
880		0.056		0.95		-12.18
890		0.055		0.95		-12.213
900		0.054		0.951		-12.296
910		0.055		0.95		-12.232
920		0.055		0.95		-12.21
930		0.057		0.948		-12.024
940		0.057		0.948		-11.983
950		0.057		0.948		-11.956
960		0.058		0.947		-11.789
970		0.059		0.946		-11.722
980		0.058		0.947		-11.79
990		0.057		0.947		-11.847
1000		0.057		0.948		-11.892
1010		0.056		0.949		-11.962
1020		0.056		0.949		-11.977
1030		0.055		0.95		-12.03
1040		0.056		0.95		-11.953
1050		0.057		0.95		-11.835
1060		0.057		0.95		-11.91
1070		0.057		0.95		-11.824
1080		0.057		0.949		-11.854
1090		0.057		0.95		-11.856
1100		0.056		0.95		-11.933
1110		0.057		0.95		-11.886
1120		0.057		0.949		-11.852
1130		0.057		0.95		-11.913
1140		0.057		0.949		-11.905
1150		0.058		0.948		-11.771
1160		0.058		0.948		-11.85
1170		0.057		0.949		-11.874
1180		0.057		0.949		-11.91
1190		0.057		0.949		-11.863
1200		0.058		0.948		-11.723
1210		0.059		0.948		-11.713
1220		0.059		0.948		-11.638
1230		0.059		0.947		-11.584
1240		0.059		0.948		-11.672
1250		0.058		0.948		-11.736
1260		0.058		0.949		-11.775
1270		0.058		0.949		-11.817
1280		0.057		0.949		-11.878
1290		0.057		0.95		-11.894
1300		0.056		0.95		-11.974
1310		0.056		0.95		-12.051
1320		0.055		0.951		-12.1
1330		0.056		0.95		-12.048
1340		0.056		0.95		-12.041
1350		0.056		0.95		-12.011
1360		0.056		0.95		-12.07
1370		0.056		0.95		-12.133
1380		0.055		0.951		-12.191
1390		0.055		0.951		-12.235
1400		0.054		0.952		-12.278
1410		0.054		0.952		-12.32
1420		0.054		0.952		-12.295
1430		0.054		0.952		-12.313
1440		0.054		0.952		-12.268
1450		0.055		0.951		-12.236
1460		0.054		0.952		-12.251
1470		0.054		0.952		-12.291
1480		0.054		0.952		-12.334
1490		0.053		0.952		-12.354
1500		0.053		0.953		-12.391
1510		0.052		0.953		-12.441
1520		0.052		0.953		-12.496
1530		0.052		0.954		-12.54
1540		0.051		0.954		-12.567
1550		0.052		0.954		-12.551
1560		0.052		0.953		-12.495
1570		0.052		0.954		-12.503
1580		0.051		0.954		-12.532
1590		0.051		0.954		-12.569
1600		0.051		0.955		-12.585
1610		0.05		0.955		-12.596
1620		0.051		0.954		-12.554
1630		0.051		0.954		-12.54
1640		0.051		0.954		-12.573
1650		0.05		0.955		-12.582
1660		0.05		0.955		-12.571
1670		0.051		0.954		-12.457
1680		0.051		0.954		-12.514
1690		0.05		0.955		-12.568
1700		0.05		0.955		-12.604
1710		0.05		0.955		-12.548
1720		0.051		0.955		-12.509
1730		0.051		0.955		-12.485
1740		0.051		0.955		-12.504
1750		0.051		0.954		-12.497
1760		0.051		0.954		-12.474
1770		0.051		0.954		-12.501
1780		0.051		0.955		-12.54
1790		0.052		0.954		-12.47
1800		0.051		0.954		-12.502
1810		0.051		0.954		-12.553
1820		0.051		0.955		-12.584
1830		0.05		0.955		-12.567
1840		0.05		0.955		-12.582
1850		0.05		0.955		-12.524
1860		0.051		0.954		-12.45
1870		0.052		0.954		-12.439
1880		0.051		0.954		-12.46
1890		0.051		0.954		-12.483
1900		0.051		0.954		-12.508
1910		0.051		0.954		-12.487
1920		0.051		0.954		-12.52
1930		0.051		0.954		-12.5
1940		0.051		0.954		-12.471
1950		0.052		0.954		-12.447
1960		0.051		0.954		-12.461
1970		0.051		0.954		-12.493
1980		0.051		0.954		-12.521
1990		0.05		0.954		-12.538
2000		0.051		0.954		-12.499
2010		0.05		0.954		-12.525
2020		0.051		0.954		-12.504
2030		0.05		0.954		-12.521
2040		0.052		0.954		-12.39
2050		0.052		0.953		-12.361
2060		0.053		0.953		-12.284
2070		0.052		0.953		-12.302
2080		0.052		0.954		-12.316
2090		0.052		0.953		-12.283
2100		0.052		0.954		-12.324
2110		0.053		0.953		-12.248
2120		0.053		0.953		-12.222
2130		0.053		0.953		-12.201
2140		0.054		0.953		-12.197
2150		0.054		0.952		-12.19
2160		0.054		0.952		-12.121
2170		0.055		0.952		-12.104
2180		0.055		0.952		-12.076
2190		0.055		0.951		-12.053
2200		0.056		0.951		-11.998
2210		0.055		0.951		-12.026
2220		0.055		0.952		-12.05
2230		0.055		0.952		-12.076
2240		0.056		0.952		-12.011
2250		0.055		0.952		-12.015
2260		0.056		0.951		-11.949
2270		0.057		0.95		-11.89
2280		0.056		0.951		-11.941
2290		0.057		0.95		-11.848
2300		0.057		0.95		-11.829
2310		0.057		0.95		-11.84
2320		0.057		0.95		-11.865
2330		0.057		0.95		-11.846
2340		0.057		0.95		-11.88
2350		0.058		0.949		-11.791
2360		0.058		0.949		-11.756
2370		0.058		0.949		-11.734
2380		0.059		0.948		-11.667
2390		0.059		0.948		-11.636
2400		0.059		0.948		-11.632
2410		0.059		0.948		-11.633
2420		0.059		0.948		-11.611
2430		0.059		0.948		-11.638
2440		0.06		0.947		-11.573
2450		0.06		0.947		-11.565
2460		0.06		0.947		-11.583
2470		0.06		0.947		-11.577
2480		0.06		0.947		-11.501
2490		0.06		0.947		-11.532
2500		0.06		0.947		-11.545
2510		0.06		0.947		-11.579
2520		0.06		0.947		-11.56
2530		0.06		0.947		-11.574
2540		0.06		0.947		-11.58
2550		0.059		0.947		-11.609
2560		0.06		0.947		-11.593
2570		0.059		0.947		-11.62
2580		0.059		0.948		-11.634
2590		0.059		0.948		-11.645
2600		0.059		0.948		-11.622
2610		0.059		0.948		-11.634
2620		0.059		0.948		-11.655
2630		0.059		0.948		-11.636
2640		0.059		0.948		-11.607
2650		0.059		0.948		-11.637
2660		0.059		0.948		-11.646
2670		0.059		0.948		-11.632
2680		0.059		0.947		-11.553
2690		0.059		0.947		-11.538
2700		0.06		0.947		-11.498
2710		0.06		0.946		-11.491
2720		0.06		0.946		-11.479
2730		0.06		0.946		-11.458
2740		0.06		0.946		-11.43
2750		0.06		0.946		-11.442
2760		0.06		0.946		-11.423
2770		0.06		0.946		-11.447
2780		0.06		0.946		-11.432
2790		0.06		0.946		-11.463
2800		0.06		0.946		-11.476
2810		0.06		0.946		-11.421
2820		0.061		0.946		-11.415
2830		0.061		0.946		-11.35
2840		0.061		0.946		-11.373
2850		0.061		0.946		-11.363
2860		0.061		0.945		-11.347
2870		0.061		0.946		-11.372
2880		0.061		0.945		-11.357
2890		0.061		0.946		-11.376
2900		0.061		0.946		-11.378
2910		0.061		0.946		-11.361
2920		0.062		0.945		-11.274
2930		0.062		0.945		-11.272
2940		0.063		0.945		-11.267
2950		0.063		0.944		-11.257
2960		0.062		0.945		-11.282
2970		0.062		0.945		-11.318
2980		0.062		0.945		-11.34
2990		0.062		0.945		-11.326
3000		0.062		0.945		-11.307
3010		0.062		0.945		-11.321
3020		0.062		0.945		-11.322
3030		0.062		0.946		-11.325
3040		0.062		0.946		-11.333
3050		0.062		0.946		-11.357
3060		0.062		0.945		-11.273
3070		0.063		0.945		-11.248
3080		0.063		0.945		-11.233
3090		0.063		0.945		-11.229
3100		0.063		0.945		-11.256
3110		0.062		0.945		-11.271
3120		0.062		0.945		-11.288
3130		0.062		0.945		-11.298
3140		0.062		0.945		-11.256
3150		0.063		0.945		-11.233
3160		0.063		0.945		-11.227
3170		0.063		0.945		-11.221
3180		0.063		0.945		-11.244
3190		0.062		0.945		-11.269
3200		0.062		0.945		-11.272
3210		0.062		0.946		-11.282
3220		0.062		0.945		-11.269
3230		0.062		0.946		-11.29
3240		0.062		0.946		-11.309
3250		0.062		0.946		-11.298
3260		0.062		0.945		-11.294
3270		0.062		0.946		-11.306
3280		0.062		0.945		-11.296
3290		0.062		0.946		-11.325
3300		0.062		0.946		-11.355
3310		0.062		0.946		-11.325
3320		0.062		0.945		-11.292
3330		0.062		0.945		-11.282
3340		0.062		0.945		-11.289
3350		0.062		0.945		-11.308
3360		0.062		0.946		-11.308
3370		0.062		0.945		-11.295
3380		0.062		0.945		-11.253
3390		0.062		0.945		-11.247
3400		0.062		0.945		-11.258
3410		0.062		0.945		-11.248
3420		0.062		0.945		-11.251
3430		0.062		0.945		-11.251
3440		0.062		0.945		-11.264
3450		0.062		0.945		-11.256
3460		0.062		0.945		-11.231
3470		0.062		0.945		-11.258
3480		0.062		0.945		-11.281
3490		0.061		0.946		-11.303
3500		0.061		0.946		-11.338
3510		0.061		0.946		-11.348
3520		0.061		0.946		-11.338
3530		0.061		0.946		-11.333
3540		0.061		0.946		-11.316
3550		0.062		0.945		-11.287
3560		0.062		0.945		-11.297
3570		0.062		0.945		-11.293
3580		0.062		0.946		-11.31
3590		0.062		0.945		-11.291
3600		0.061		0.946		-11.313
3610		0.061		0.946		-11.323
3620		0.061		0.946		-11.311
3630		0.061		0.946		-11.32
3640		0.061		0.946		-11.306
3650		0.061		0.946		-11.285
3660		0.062		0.945		-11.276
3670		0.062		0.945		-11.252
3680		0.061		0.945		-11.273
3690		0.061		0.946		-11.287
3700		0.061		0.946		-11.27
3710		0.061		0.946		-11.294
3720		0.061		0.946		-11.312
3730		0.061		0.946		-11.312
3740		0.061		0.946		-11.333
3750		0.061		0.946		-11.349
3760		0.061		0.946		-11.349
3770		0.061		0.946		-11.349
3780		0.061		0.946		-11.336
3790		0.061		0.946		-11.335
3800		0.061		0.946		-11.3
3810		0.061		0.946		-11.286
3820		0.061		0.946		-11.31
3830		0.061		0.946		-11.305
3840		0.061		0.946		-11.309
3850		0.061		0.946		-11.308
3860		0.062		0.945		-11.268
3870		0.062		0.945		-11.282
3880		0.062		0.945		-11.286
3890		0.062		0.946		-11.297
3900		0.062		0.946		-11.292
3910		0.061		0.946		-11.302
3920		0.061		0.946		-11.319
3930		0.061		0.946		-11.341
3940		0.061		0.946		-11.355
3950		0.061		0.946		-11.346
3960		0.061		0.946		-11.328
3970		0.061		0.946		-11.346
3980		0.061		0.946		-11.329
3990		0.061		0.946		-11.327
numWins243.0
numLosses3781.0
