NumRounds	Winrate		LossRate
0		0.1		0.8		1.5
10		0.15		0.8		5.801
20		0.134		0.834		3.734
30		0.15		0.825		3.85
40		0.14		0.84		1.961
50		0.184		0.817		5.367
60		0.186		0.829		4.343
70		0.175		0.838		2.413
80		0.178		0.834		2.278
90		0.17		0.84		1.081
100		0.182		0.828		2.3
110		0.167		0.842		0.667
120		0.17		0.839		0.716
130		0.172		0.836		1.293
140		0.187		0.834		2.921
150		0.188		0.838		2.938
160		0.183		0.842		2.642
170		0.184		0.839		2.701
180		0.179		0.843		2.158
190		0.17		0.85		1.191
200		0.172		0.848		1.262
210		0.169		0.85		0.81
220		0.166		0.853		0.561
230		0.159		0.859		-0.258
240		0.16		0.856		-0.208
250		0.154		0.862		-0.83
260		0.152		0.863		-1.196
270		0.154		0.861		-0.942
280		0.149		0.866		-1.358
290		0.15		0.864		-1.086
300		0.149		0.868		-1.39
310		0.144		0.872		-1.765
320		0.155		0.861		-0.754
330		0.165		0.85		0.295
340		0.166		0.849		0.403
350		0.167		0.85		0.362
360		0.165		0.852		0.146
370		0.169		0.848		0.519
380		0.165		0.852		0.062
390		0.163		0.853		-0.257
400		0.159		0.857		-0.641
410		0.155		0.86		-1.116
420		0.154		0.861		-1.33
430		0.153		0.862		-1.393
440		0.149		0.865		-1.668
450		0.15		0.864		-1.654
460		0.149		0.864		-1.642
470		0.153		0.861		-1.195
480		0.154		0.86		-0.987
490		0.152		0.86		-1.093
500		0.155		0.857		-0.78
510		0.156		0.858		-0.767
520		0.157		0.861		-0.754
530		0.16		0.858		-0.457
540		0.159		0.859		-0.583
550		0.158		0.859		-0.587
560		0.157		0.86		-0.738
570		0.159		0.859		-0.568
580		0.156		0.862		-0.881
590		0.157		0.862		-0.851
600		0.158		0.861		-0.678
610		0.155		0.863		-0.962
620		0.153		0.866		-1.252
630		0.15		0.868		-1.535
640		0.156		0.864		-0.967
650		0.157		0.863		-0.904
660		0.157		0.865		-0.97
670		0.161		0.861		-0.616
680		0.158		0.863		-0.853
690		0.158		0.865		-0.98
700		0.157		0.865		-1.105
710		0.157		0.864		-1.052
720		0.158		0.864		-1.019
730		0.157		0.864		-1.106
740		0.158		0.863		-0.995
750		0.161		0.86		-0.644
760		0.159		0.862		-0.918
770		0.158		0.862		-1
780		0.156		0.864		-1.196
790		0.157		0.863		-1.122
800		0.156		0.863		-1.207
810		0.154		0.865		-1.417
820		0.156		0.863		-1.224
830		0.159		0.86		-0.932
840		0.158		0.86		-1.017
850		0.159		0.86		-0.965
860		0.16		0.859		-0.857
870		0.163		0.857		-0.626
880		0.161		0.859		-0.762
890		0.164		0.857		-0.438
900		0.163		0.858		-0.474
910		0.165		0.856		-0.319
920		0.165		0.855		-0.238
930		0.164		0.856		-0.285
940		0.163		0.857		-0.406
950		0.163		0.857		-0.317
960		0.164		0.856		-0.154
970		0.166		0.855		-0.028
980		0.165		0.855		-0.1
990		0.168		0.851		0.231
1000		0.167		0.853		0.132
1010		0.169		0.851		0.337
1020		0.17		0.85		0.449
1030		0.171		0.85		0.485
1040		0.17		0.85		0.44
1050		0.171		0.849		0.567
1060		0.173		0.847		0.742
1070		0.173		0.848		0.658
1080		0.172		0.848		0.568
1090		0.171		0.849		0.473
1100		0.173		0.846		0.673
1110		0.173		0.847		0.591
1120		0.171		0.848		0.379
1130		0.172		0.848		0.399
1140		0.172		0.847		0.461
1150		0.173		0.846		0.6
1160		0.174		0.845		0.717
1170		0.173		0.845		0.614
1180		0.172		0.847		0.48
1190		0.171		0.847		0.384
1200		0.171		0.848		0.358
1210		0.172		0.846		0.433
1220		0.171		0.847		0.39
1230		0.171		0.847		0.297
1240		0.171		0.847		0.326
1250		0.17		0.848		0.261
1260		0.173		0.845		0.534
1270		0.173		0.846		0.554
1280		0.173		0.846		0.501
1290		0.171		0.847		0.29
1300		0.172		0.846		0.401
1310		0.172		0.846		0.425
1320		0.173		0.846		0.448
1330		0.172		0.846		0.357
1340		0.172		0.846		0.39
1350		0.172		0.846		0.327
1360		0.171		0.846		0.293
1370		0.171		0.847		0.235
1380		0.17		0.847		0.221
1390		0.17		0.847		0.233
1400		0.17		0.847		0.191
1410		0.171		0.847		0.267
1420		0.171		0.847		0.29
1430		0.171		0.847		0.22
1440		0.171		0.847		0.271
1450		0.17		0.848		0.157
1460		0.169		0.848		0.11
1470		0.169		0.848		0.089
1480		0.169		0.849		0.136
1490		0.17		0.847		0.29
1500		0.171		0.846		0.403
1510		0.173		0.845		0.561
1520		0.172		0.846		0.446
1530		0.171		0.847		0.419
1540		0.17		0.848		0.337
1550		0.17		0.847		0.308
1560		0.17		0.848		0.269
1570		0.171		0.847		0.336
1580		0.171		0.846		0.336
1590		0.171		0.847		0.353
1600		0.172		0.846		0.469
1610		0.173		0.845		0.553
1620		0.172		0.846		0.45
1630		0.172		0.845		0.545
1640		0.171		0.846		0.457
1650		0.171		0.846		0.38
1660		0.171		0.846		0.382
1670		0.171		0.846		0.398
1680		0.17		0.847		0.281
1690		0.171		0.848		0.315
1700		0.171		0.847		0.337
1710		0.172		0.846		0.418
1720		0.172		0.847		0.362
1730		0.171		0.847		0.318
1740		0.171		0.847		0.267
1750		0.17		0.848		0.224
1760		0.17		0.848		0.194
1770		0.17		0.848		0.226
1780		0.17		0.847		0.205
1790		0.17		0.848		0.143
1800		0.17		0.848		0.124
1810		0.17		0.848		0.119
1820		0.17		0.848		0.15
1830		0.171		0.847		0.257
1840		0.17		0.848		0.198
1850		0.17		0.848		0.205
1860		0.171		0.848		0.236
1870		0.171		0.848		0.231
1880		0.171		0.847		0.315
1890		0.172		0.847		0.319
1900		0.172		0.847		0.39
1910		0.171		0.847		0.3
1920		0.17		0.848		0.206
1930		0.171		0.847		0.254
1940		0.17		0.848		0.169
1950		0.171		0.847		0.241
1960		0.171		0.847		0.269
1970		0.171		0.848		0.235
1980		0.171		0.848		0.253
1990		0.17		0.848		0.214
2000		0.17		0.849		0.122
2010		0.171		0.848		0.248
2020		0.17		0.848		0.159
2030		0.169		0.849		0.082
2040		0.169		0.849		0.071
2050		0.169		0.849		0.149
2060		0.17		0.849		0.166
2070		0.169		0.849		0.142
2080		0.169		0.849		0.114
2090		0.17		0.849		0.186
2100		0.169		0.849		0.14
2110		0.168		0.85		0.049
2120		0.169		0.849		0.131
2130		0.169		0.85		0.134
2140		0.17		0.849		0.195
2150		0.169		0.85		0.108
2160		0.169		0.849		0.118
2170		0.169		0.849		0.101
2180		0.169		0.848		0.159
2190		0.169		0.849		0.077
2200		0.17		0.848		0.193
2210		0.169		0.848		0.148
2220		0.17		0.848		0.184
2230		0.169		0.848		0.127
2240		0.169		0.848		0.119
2250		0.17		0.848		0.164
2260		0.169		0.848		0.15
2270		0.168		0.849		0.056
2280		0.168		0.849		0.021
2290		0.167		0.85		-0.042
2300		0.168		0.85		-0.048
2310		0.168		0.849		0.037
2320		0.168		0.849		0
2330		0.168		0.85		-0.03
2340		0.167		0.85		-0.101
2350		0.167		0.85		-0.047
2360		0.167		0.85		-0.054
2370		0.168		0.849		0.011
2380		0.168		0.849		0.031
2390		0.169		0.848		0.139
2400		0.168		0.849		0.053
2410		0.169		0.848		0.087
2420		0.168		0.849		0.069
2430		0.168		0.849		0.033
2440		0.168		0.849		0.042
2450		0.168		0.849		-0.056
2460		0.167		0.85		-0.132
2470		0.166		0.85		-0.196
2480		0.166		0.851		-0.273
2490		0.165		0.852		-0.365
2500		0.164		0.852		-0.449
2510		0.164		0.853		-0.54
2520		0.163		0.853		-0.621
2530		0.162		0.854		-0.686
2540		0.162		0.855		-0.742
2550		0.161		0.855		-0.826
2560		0.16		0.856		-0.908
2570		0.16		0.856		-0.998
2580		0.159		0.857		-1.073
2590		0.159		0.857		-1.101
2600		0.158		0.858		-1.174
2610		0.158		0.858		-1.25
2620		0.157		0.859		-1.338
2630		0.157		0.859		-1.421
2640		0.156		0.86		-1.489
2650		0.155		0.86		-1.545
2660		0.155		0.861		-1.609
2670		0.154		0.861		-1.689
2680		0.154		0.862		-1.757
2690		0.153		0.862		-1.796
2700		0.153		0.863		-1.867
2710		0.152		0.863		-1.947
2720		0.152		0.864		-2.012
2730		0.151		0.864		-2.083
2740		0.151		0.865		-2.164
2750		0.15		0.865		-2.198
2760		0.15		0.866		-2.27
2770		0.149		0.866		-2.345
2780		0.149		0.867		-2.412
2790		0.148		0.867		-2.479
2800		0.148		0.868		-2.558
2810		0.147		0.868		-2.624
2820		0.147		0.869		-2.701
2830		0.146		0.869		-2.753
2840		0.146		0.87		-2.812
2850		0.145		0.87		-2.882
2860		0.145		0.871		-2.947
2870		0.144		0.871		-3.011
2880		0.144		0.871		-3.062
2890		0.143		0.872		-3.124
2900		0.143		0.872		-3.187
2910		0.142		0.873		-3.258
2920		0.142		0.873		-3.32
2930		0.141		0.874		-3.374
2940		0.141		0.874		-3.426
2950		0.14		0.874		-3.469
2960		0.14		0.875		-3.517
2970		0.139		0.875		-3.567
2980		0.139		0.876		-3.629
2990		0.138		0.876		-3.694
3000		0.138		0.877		-3.752
3010		0.138		0.877		-3.81
3020		0.137		0.877		-3.87
3030		0.137		0.878		-3.931
3040		0.136		0.878		-3.982
3050		0.136		0.879		-4.041
3060		0.136		0.879		-4.052
3070		0.136		0.879		-4.067
3080		0.135		0.88		-4.106
3090		0.135		0.88		-4.156
3100		0.134		0.881		-4.208
3110		0.134		0.881		-4.261
3120		0.133		0.881		-4.309
3130		0.133		0.882		-4.362
3140		0.133		0.882		-4.413
3150		0.132		0.882		-4.464
3160		0.132		0.883		-4.508
3170		0.131		0.883		-4.56
3180		0.131		0.884		-4.621
3190		0.13		0.884		-4.673
3200		0.13		0.884		-4.728
3210		0.13		0.885		-4.776
3220		0.129		0.885		-4.811
3230		0.129		0.885		-4.866
3240		0.128		0.886		-4.92
3250		0.128		0.886		-4.976
3260		0.128		0.886		-5.032
3270		0.127		0.887		-5.081
3280		0.127		0.887		-5.144
3290		0.127		0.887		-5.184
3300		0.126		0.888		-5.217
3310		0.126		0.888		-5.262
3320		0.125		0.888		-5.296
3330		0.125		0.889		-5.349
3340		0.125		0.889		-5.379
3350		0.124		0.889		-5.42
3360		0.124		0.89		-5.464
3370		0.124		0.89		-5.505
3380		0.123		0.89		-5.552
3390		0.123		0.891		-5.597
3400		0.122		0.891		-5.631
3410		0.122		0.891		-5.679
3420		0.122		0.892		-5.713
3430		0.122		0.892		-5.748
3440		0.121		0.892		-5.799
3450		0.121		0.893		-5.849
3460		0.121		0.893		-5.886
3470		0.12		0.893		-5.924
3480		0.12		0.894		-5.97
3490		0.12		0.894		-6.016
3500		0.119		0.894		-6.052
3510		0.119		0.895		-6.105
3520		0.119		0.895		-6.147
3530		0.118		0.895		-6.195
3540		0.118		0.895		-6.243
3550		0.118		0.896		-6.295
3560		0.117		0.896		-6.334
3570		0.117		0.896		-6.366
3580		0.117		0.897		-6.412
3590		0.116		0.897		-6.447
3600		0.116		0.897		-6.495
3610		0.116		0.897		-6.536
3620		0.115		0.898		-6.582
3630		0.115		0.898		-6.618
3640		0.115		0.898		-6.651
3650		0.114		0.899		-6.69
3660		0.114		0.899		-6.725
3670		0.114		0.899		-6.754
3680		0.114		0.899		-6.785
3690		0.113		0.9		-6.824
3700		0.113		0.9		-6.864
3710		0.113		0.9		-6.894
3720		0.112		0.9		-6.924
3730		0.112		0.901		-6.957
3740		0.112		0.901		-6.994
3750		0.111		0.901		-7.017
3760		0.111		0.902		-7.058
3770		0.111		0.902		-7.098
3780		0.111		0.902		-7.129
3790		0.11		0.902		-7.164
3800		0.11		0.903		-7.194
3810		0.11		0.903		-7.239
3820		0.109		0.903		-7.27
3830		0.109		0.903		-7.304
3840		0.109		0.904		-7.338
3850		0.109		0.904		-7.372
3860		0.108		0.904		-7.403
3870		0.108		0.904		-7.441
3880		0.108		0.905		-7.474
3890		0.107		0.905		-7.505
3900		0.107		0.905		-7.535
3910		0.107		0.905		-7.574
3920		0.107		0.906		-7.609
3930		0.106		0.906		-7.65
3940		0.106		0.906		-7.689
3950		0.106		0.906		-7.725
3960		0.106		0.907		-7.76
3970		0.105		0.907		-7.781
3980		0.105		0.907		-7.805
3990		0.105		0.907		-7.832
numWins418.0
numLosses3627.0
