NumRounds	Winrate		LossRate
0		0		0.9		-19.399
10		0		0.95		-19.35
20		0.034		0.934		-15.533
30		0.05		0.925		-13.05
40		0.04		0.94		-14.5
50		0.067		0.934		-12
60		0.058		0.943		-12.642
70		0.075		0.925		-10.937
80		0.067		0.934		-11.711
90		0.06		0.94		-12.14
100		0.055		0.946		-12.863
110		0.05		0.95		-13.233
120		0.047		0.954		-13.923
130		0.058		0.943		-12.792
140		0.054		0.947		-12.886
150		0.05		0.95		-13.1
160		0.048		0.953		-13.247
170		0.045		0.956		-13.333
180		0.043		0.958		-13.526
190		0.04		0.96		-13.68
200		0.039		0.962		-13.647
210		0.041		0.96		-13.231
220		0.04		0.961		-13.16
230		0.046		0.955		-12.591
240		0.044		0.956		-12.815
250		0.047		0.958		-12.646
260		0.049		0.956		-12.459
270		0.05		0.954		-12.317
280		0.052		0.956		-12.21
290		0.05		0.957		-12.343
300		0.049		0.959		-12.583
310		0.05		0.957		-12.393
320		0.052		0.955		-12.278
330		0.053		0.953		-12.261
340		0.052		0.955		-12.214
350		0.053		0.953		-12.005
360		0.052		0.955		-12.116
370		0.05		0.956		-12.292
380		0.054		0.952		-11.956
390		0.053		0.953		-12.062
400		0.054		0.952		-12.048
410		0.053		0.953		-12.133
420		0.059		0.949		-11.569
430		0.062		0.946		-11.27
440		0.063		0.945		-11.14
450		0.064		0.944		-11.11
460		0.064		0.943		-11.091
470		0.063		0.944		-11.189
480		0.062		0.945		-11.351
490		0.06		0.946		-11.418
500		0.065		0.942		-10.898
510		0.064		0.943		-11.074
520		0.065		0.942		-11.041
530		0.063		0.943		-11.109
540		0.062		0.944		-11.194
550		0.061		0.945		-11.28
560		0.06		0.946		-11.419
570		0.059		0.947		-11.558
580		0.058		0.948		-11.698
590		0.057		0.949		-11.841
600		0.056		0.95		-11.993
610		0.055		0.95		-12.112
620		0.058		0.948		-11.885
630		0.057		0.949		-11.918
640		0.056		0.95		-12.006
650		0.055		0.95		-12.131
660		0.054		0.951		-12.135
670		0.053		0.952		-12.189
680		0.054		0.951		-12.133
690		0.053		0.952		-12.202
700		0.053		0.953		-12.28
710		0.052		0.953		-12.383
720		0.051		0.954		-12.371
730		0.05		0.955		-12.405
740		0.051		0.954		-12.322
750		0.05		0.954		-12.376
760		0.05		0.955		-12.397
770		0.049		0.956		-12.538
780		0.049		0.956		-12.621
790		0.049		0.955		-12.611
800		0.051		0.954		-12.455
810		0.05		0.954		-12.543
820		0.05		0.955		-12.604
830		0.05		0.954		-12.533
840		0.05		0.955		-12.627
850		0.049		0.955		-12.651
860		0.049		0.956		-12.726
870		0.048		0.956		-12.769
880		0.048		0.957		-12.805
890		0.048		0.956		-12.734
900		0.048		0.957		-12.793
910		0.047		0.957		-12.853
920		0.048		0.956		-12.854
930		0.047		0.957		-12.868
940		0.047		0.957		-12.947
950		0.047		0.957		-12.877
960		0.048		0.956		-12.836
970		0.047		0.957		-12.864
980		0.047		0.957		-12.878
990		0.047		0.956		-12.819
1000		0.047		0.957		-12.857
1010		0.048		0.956		-12.839
1020		0.048		0.956		-12.758
1030		0.048		0.956		-12.783
1040		0.047		0.957		-12.842
1050		0.047		0.957		-12.84
1060		0.047		0.957		-12.732
1070		0.049		0.956		-12.6
1080		0.049		0.956		-12.513
1090		0.05		0.956		-12.517
1100		0.051		0.955		-12.35
1110		0.051		0.954		-12.294
1120		0.051		0.954		-12.361
1130		0.05		0.955		-12.42
1140		0.051		0.955		-12.368
1150		0.05		0.956		-12.412
1160		0.051		0.955		-12.376
1170		0.051		0.955		-12.32
1180		0.051		0.955		-12.347
1190		0.05		0.955		-12.407
1200		0.05		0.956		-12.396
1210		0.05		0.956		-12.451
1220		0.049		0.957		-12.486
1230		0.05		0.957		-12.49
1240		0.049		0.957		-12.52
1250		0.05		0.957		-12.486
1260		0.049		0.957		-12.518
1270		0.05		0.958		-12.425
1280		0.051		0.957		-12.406
1290		0.05		0.957		-12.439
1300		0.05		0.958		-12.502
1310		0.051		0.958		-12.416
1320		0.051		0.958		-12.452
1330		0.05		0.959		-12.518
1340		0.05		0.959		-12.551
1350		0.05		0.959		-12.559
1360		0.05		0.959		-12.552
1370		0.05		0.958		-12.478
1380		0.05		0.959		-12.566
1390		0.05		0.959		-12.617
1400		0.049		0.959		-12.679
1410		0.05		0.959		-12.65
1420		0.049		0.959		-12.688
1430		0.051		0.957		-12.517
1440		0.052		0.957		-12.444
1450		0.053		0.957		-12.419
1460		0.052		0.957		-12.44
1470		0.053		0.957		-12.423
1480		0.052		0.958		-12.473
1490		0.052		0.958		-12.499
1500		0.052		0.957		-12.45
1510		0.052		0.958		-12.473
1520		0.051		0.958		-12.492
1530		0.052		0.958		-12.475
1540		0.051		0.958		-12.509
1550		0.052		0.958		-12.484
1560		0.052		0.957		-12.465
1570		0.052		0.957		-12.428
1580		0.052		0.957		-12.461
1590		0.052		0.957		-12.505
1600		0.051		0.958		-12.534
1610		0.051		0.958		-12.596
1620		0.051		0.958		-12.614
1630		0.05		0.958		-12.642
1640		0.051		0.958		-12.621
1650		0.051		0.958		-12.61
1660		0.051		0.958		-12.578
1670		0.052		0.958		-12.501
1680		0.052		0.958		-12.51
1690		0.052		0.958		-12.531
1700		0.052		0.958		-12.514
1710		0.052		0.958		-12.56
1720		0.051		0.958		-12.592
1730		0.051		0.959		-12.646
1740		0.051		0.959		-12.675
1750		0.051		0.959		-12.656
1760		0.051		0.959		-12.678
1770		0.053		0.957		-12.458
1780		0.053		0.957		-12.422
1790		0.053		0.957		-12.439
1800		0.053		0.957		-12.412
1810		0.053		0.957		-12.425
1820		0.054		0.956		-12.406
1830		0.054		0.956		-12.368
1840		0.053		0.956		-12.399
1850		0.054		0.956		-12.367
1860		0.053		0.956		-12.421
1870		0.053		0.956		-12.434
1880		0.053		0.956		-12.405
1890		0.053		0.956		-12.446
1900		0.054		0.955		-12.387
1910		0.054		0.955		-12.354
1920		0.054		0.955		-12.415
1930		0.054		0.956		-12.435
1940		0.054		0.956		-12.427
1950		0.054		0.956		-12.459
1960		0.053		0.956		-12.497
1970		0.053		0.957		-12.52
1980		0.053		0.956		-12.467
1990		0.053		0.956		-12.518
2000		0.053		0.957		-12.546
2010		0.052		0.957		-12.569
2020		0.052		0.957		-12.591
2030		0.052		0.957		-12.633
2040		0.052		0.958		-12.655
2050		0.051		0.958		-12.676
2060		0.051		0.958		-12.681
2070		0.051		0.958		-12.64
2080		0.052		0.957		-12.593
2090		0.051		0.958		-12.614
2100		0.052		0.957		-12.605
2110		0.052		0.957		-12.569
2120		0.052		0.957		-12.542
2130		0.052		0.957		-12.569
2140		0.052		0.957		-12.56
2150		0.052		0.957		-12.547
2160		0.053		0.956		-12.529
2170		0.052		0.956		-12.54
2180		0.053		0.956		-12.5
2190		0.053		0.956		-12.516
2200		0.053		0.957		-12.533
2210		0.052		0.957		-12.558
2220		0.052		0.957		-12.585
2230		0.052		0.957		-12.604
2240		0.052		0.957		-12.592
2250		0.052		0.957		-12.612
2260		0.052		0.957		-12.591
2270		0.052		0.957		-12.546
2280		0.052		0.957		-12.558
2290		0.052		0.957		-12.575
2300		0.052		0.957		-12.582
2310		0.052		0.957		-12.56
2320		0.052		0.958		-12.584
2330		0.051		0.958		-12.608
2340		0.051		0.958		-12.629
2350		0.051		0.958		-12.618
2360		0.051		0.958		-12.651
2370		0.052		0.958		-12.599
2380		0.052		0.958		-12.622
2390		0.051		0.958		-12.637
2400		0.051		0.958		-12.649
2410		0.051		0.958		-12.612
2420		0.051		0.958		-12.635
2430		0.052		0.957		-12.583
2440		0.052		0.958		-12.601
2450		0.052		0.957		-12.577
2460		0.052		0.958		-12.608
2470		0.052		0.957		-12.59
2480		0.052		0.957		-12.564
2490		0.052		0.957		-12.591
2500		0.051		0.957		-12.603
2510		0.051		0.958		-12.633
2520		0.051		0.958		-12.655
2530		0.051		0.958		-12.66
2540		0.051		0.957		-12.589
2550		0.051		0.958		-12.618
2560		0.051		0.957		-12.607
2570		0.052		0.957		-12.598
2580		0.051		0.957		-12.616
2590		0.052		0.957		-12.54
2600		0.052		0.957		-12.552
2610		0.052		0.957		-12.575
2620		0.051		0.957		-12.599
2630		0.051		0.957		-12.619
2640		0.051		0.957		-12.592
2650		0.052		0.957		-12.579
2660		0.052		0.957		-12.552
2670		0.052		0.956		-12.51
2680		0.052		0.956		-12.551
2690		0.052		0.956		-12.564
2700		0.053		0.956		-12.496
2710		0.053		0.956		-12.496
2720		0.053		0.956		-12.524
2730		0.053		0.956		-12.493
2740		0.052		0.956		-12.511
2750		0.052		0.957		-12.528
2760		0.052		0.957		-12.555
2770		0.052		0.957		-12.557
2780		0.052		0.957		-12.538
2790		0.052		0.957		-12.563
2800		0.052		0.956		-12.508
2810		0.053		0.956		-12.492
2820		0.052		0.956		-12.512
2830		0.053		0.956		-12.49
2840		0.052		0.956		-12.518
2850		0.053		0.956		-12.504
2860		0.052		0.956		-12.514
2870		0.053		0.956		-12.508
2880		0.053		0.956		-12.492
2890		0.053		0.956		-12.508
2900		0.052		0.956		-12.524
2910		0.053		0.956		-12.51
2920		0.052		0.956		-12.531
2930		0.053		0.956		-12.517
2940		0.053		0.956		-12.498
2950		0.053		0.956		-12.511
2960		0.052		0.956		-12.521
2970		0.053		0.956		-12.487
2980		0.053		0.956		-12.454
2990		0.053		0.955		-12.432
3000		0.053		0.955		-12.42
3010		0.053		0.955		-12.428
3020		0.053		0.956		-12.439
3030		0.053		0.955		-12.391
3040		0.053		0.955		-12.412
3050		0.053		0.955		-12.415
3060		0.053		0.956		-12.436
3070		0.053		0.956		-12.455
3080		0.053		0.956		-12.48
3090		0.052		0.956		-12.505
3100		0.052		0.956		-12.525
3110		0.052		0.956		-12.544
3120		0.052		0.956		-12.562
3130		0.052		0.957		-12.582
3140		0.052		0.956		-12.527
3150		0.052		0.956		-12.544
3160		0.052		0.956		-12.566
3170		0.052		0.956		-12.579
3180		0.052		0.957		-12.602
3190		0.052		0.956		-12.59
3200		0.052		0.956		-12.569
3210		0.052		0.956		-12.579
3220		0.052		0.956		-12.562
3230		0.052		0.956		-12.526
3240		0.052		0.956		-12.518
3250		0.052		0.956		-12.534
3260		0.052		0.956		-12.546
3270		0.052		0.956		-12.548
3280		0.052		0.956		-12.533
3290		0.052		0.956		-12.527
3300		0.052		0.956		-12.546
3310		0.052		0.956		-12.552
3320		0.052		0.956		-12.569
3330		0.051		0.956		-12.579
3340		0.052		0.956		-12.489
3350		0.052		0.956		-12.463
3360		0.052		0.956		-12.479
3370		0.053		0.955		-12.432
3380		0.053		0.955		-12.384
3390		0.053		0.955		-12.381
3400		0.053		0.955		-12.356
3410		0.053		0.955		-12.326
3420		0.053		0.955		-12.353
3430		0.053		0.955		-12.381
3440		0.053		0.955		-12.402
3450		0.053		0.955		-12.416
3460		0.052		0.955		-12.436
3470		0.052		0.955		-12.437
3480		0.052		0.955		-12.426
3490		0.052		0.955		-12.404
3500		0.053		0.955		-12.395
3510		0.052		0.955		-12.412
3520		0.052		0.955		-12.437
3530		0.052		0.955		-12.453
3540		0.052		0.955		-12.431
3550		0.052		0.955		-12.452
3560		0.053		0.955		-12.396
3570		0.053		0.955		-12.38
3580		0.053		0.955		-12.361
3590		0.053		0.955		-12.36
3600		0.053		0.955		-12.354
3610		0.053		0.955		-12.345
3620		0.053		0.955		-12.355
3630		0.053		0.955		-12.371
3640		0.053		0.955		-12.353
3650		0.053		0.955		-12.348
3660		0.053		0.955		-12.333
3670		0.053		0.955		-12.356
3680		0.053		0.955		-12.377
3690		0.053		0.955		-12.392
3700		0.053		0.955		-12.416
3710		0.053		0.955		-12.422
3720		0.053		0.955		-12.38
3730		0.053		0.955		-12.32
3740		0.053		0.955		-12.321
3750		0.053		0.954		-12.3
3760		0.054		0.954		-12.285
3770		0.054		0.954		-12.243
3780		0.054		0.954		-12.241
3790		0.054		0.954		-12.22
3800		0.054		0.954		-12.238
3810		0.054		0.954		-12.253
3820		0.054		0.954		-12.242
3830		0.054		0.954		-12.267
3840		0.054		0.954		-12.239
3850		0.054		0.954		-12.248
3860		0.053		0.955		-12.267
3870		0.053		0.955		-12.289
3880		0.053		0.955		-12.298
3890		0.053		0.955		-12.309
3900		0.053		0.955		-12.293
3910		0.053		0.955		-12.316
3920		0.053		0.955		-12.333
3930		0.053		0.955		-12.35
3940		0.053		0.955		-12.368
3950		0.053		0.955		-12.347
3960		0.053		0.955		-12.353
3970		0.053		0.955		-12.315
3980		0.053		0.955		-12.293
3990		0.053		0.954		-12.281
numWins211.0
numLosses3816.0
