NumRounds	Winrate		LossRate
0		0.1		0.8
10		0.05		0.9
20		0.067		0.9
30		0.05		0.925
40		0.06		0.92
50		0.05		0.934
60		0.043		0.943
70		0.038		0.95
80		0.034		0.956
90		0.05		0.94
100		0.046		0.946
110		0.05		0.942
120		0.047		0.947
130		0.05		0.943
140		0.054		0.94
150		0.057		0.938
160		0.059		0.942
170		0.056		0.945
180		0.053		0.948
190		0.055		0.945
200		0.053		0.948
210		0.055		0.946
220		0.057		0.944
230		0.059		0.942
240		0.056		0.944
250		0.058		0.943
260		0.056		0.945
270		0.058		0.943
280		0.059		0.942
290		0.057		0.944
300		0.055		0.946
310		0.054		0.947
320		0.058		0.943
330		0.056		0.945
340		0.055		0.946
350		0.059		0.942
360		0.06		0.941
370		0.061		0.94
380		0.059		0.942
390		0.06		0.94
400		0.059		0.942
410		0.06		0.941
420		0.061		0.94
430		0.064		0.939
440		0.063		0.94
450		0.064		0.942
460		0.062		0.943
470		0.061		0.944
480		0.06		0.945
490		0.06		0.944
500		0.059		0.946
510		0.06		0.945
520		0.061		0.944
530		0.062		0.943
540		0.066		0.939
550		0.065		0.94
560		0.067		0.937
570		0.068		0.937
580		0.068		0.936
590		0.069		0.935
600		0.068		0.937
610		0.068		0.936
620		0.067		0.937
630		0.068		0.936
640		0.068		0.936
650		0.067		0.937
660		0.068		0.936
670		0.07		0.934
680		0.069		0.935
690		0.068		0.936
700		0.067		0.937
710		0.066		0.938
720		0.065		0.939
730		0.065		0.938
740		0.064		0.939
750		0.064		0.94
760		0.063		0.941
770		0.062		0.942
780		0.063		0.941
790		0.063		0.94
800		0.063		0.94
810		0.064		0.941
820		0.063		0.941
830		0.064		0.941
840		0.063		0.942
850		0.062		0.942
860		0.061		0.943
870		0.062		0.943
880		0.063		0.942
890		0.064		0.943
900		0.065		0.942
910		0.065		0.943
920		0.064		0.944
930		0.064		0.943
940		0.064		0.944
950		0.063		0.944
960		0.063		0.944
970		0.064		0.943
980		0.063		0.944
990		0.062		0.944
1000		0.062		0.945
1010		0.062		0.945
1020		0.062		0.945
1030		0.061		0.946
1040		0.061		0.946
1050		0.061		0.947
1060		0.06		0.947
1070		0.061		0.947
1080		0.06		0.947
1090		0.06		0.948
1100		0.059		0.948
1110		0.059		0.949
1120		0.058		0.949
1130		0.058		0.949
1140		0.059		0.948
1150		0.059		0.949
1160		0.059		0.948
1170		0.059		0.949
1180		0.058		0.949
1190		0.058		0.95
1200		0.058		0.949
1210		0.059		0.949
1220		0.06		0.948
1230		0.06		0.947
1240		0.06		0.948
1250		0.059		0.948
1260		0.059		0.949
1270		0.059		0.948
1280		0.059		0.948
1290		0.06		0.947
1300		0.06		0.948
1310		0.06		0.948
1320		0.06		0.948
1330		0.062		0.946
1340		0.063		0.945
1350		0.062		0.945
1360		0.063		0.944
1370		0.063		0.945
1380		0.063		0.944
1390		0.063		0.945
1400		0.062		0.945
1410		0.062		0.946
1420		0.061		0.946
1430		0.061		0.946
1440		0.06		0.947
1450		0.061		0.946
1460		0.061		0.946
1470		0.061		0.946
1480		0.06		0.947
1490		0.06		0.947
1500		0.06		0.947
1510		0.06		0.947
1520		0.061		0.946
1530		0.062		0.946
1540		0.061		0.946
1550		0.061		0.947
1560		0.061		0.947
1570		0.061		0.947
1580		0.062		0.946
1590		0.062		0.947
1600		0.062		0.946
1610		0.062		0.947
1620		0.062		0.947
1630		0.062		0.946
1640		0.062		0.947
1650		0.062		0.947
1660		0.062		0.947
1670		0.062		0.946
1680		0.062		0.947
1690		0.062		0.947
1700		0.062		0.947
1710		0.062		0.948
1720		0.062		0.948
1730		0.062		0.948
1740		0.062		0.948
1750		0.061		0.948
1760		0.061		0.949
1770		0.061		0.949
1780		0.061		0.949
1790		0.061		0.949
1800		0.061		0.949
1810		0.06		0.949
1820		0.06		0.95
1830		0.061		0.949
1840		0.06		0.949
1850		0.061		0.949
1860		0.061		0.949
1870		0.061		0.949
1880		0.061		0.949
1890		0.062		0.948
1900		0.061		0.949
1910		0.061		0.949
1920		0.061		0.949
1930		0.062		0.948
1940		0.062		0.948
1950		0.061		0.948
1960		0.061		0.948
1970		0.062		0.948
1980		0.062		0.947
1990		0.063		0.946
2000		0.063		0.946
2010		0.063		0.947
2020		0.063		0.947
2030		0.062		0.947
2040		0.062		0.947
2050		0.062		0.948
2060		0.062		0.947
2070		0.062		0.948
2080		0.061		0.948
2090		0.061		0.948
2100		0.061		0.948
2110		0.061		0.948
2120		0.061		0.948
2130		0.06		0.949
2140		0.06		0.949
2150		0.06		0.949
2160		0.06		0.949
2170		0.06		0.949
2180		0.059		0.949
2190		0.059		0.95
2200		0.059		0.949
2210		0.059		0.95
2220		0.059		0.949
2230		0.059		0.95
2240		0.059		0.95
2250		0.059		0.95
2260		0.059		0.949
2270		0.059		0.95
2280		0.059		0.95
2290		0.06		0.95
2300		0.059		0.95
2310		0.059		0.95
2320		0.059		0.95
2330		0.059		0.95
2340		0.059		0.95
2350		0.059		0.95
2360		0.059		0.95
2370		0.059		0.95
2380		0.059		0.95
2390		0.059		0.95
2400		0.059		0.95
2410		0.059		0.95
2420		0.059		0.95
2430		0.059		0.95
2440		0.058		0.95
2450		0.059		0.95
2460		0.059		0.95
2470		0.059		0.95
2480		0.059		0.949
2490		0.059		0.95
2500		0.059		0.95
2510		0.059		0.95
2520		0.059		0.95
2530		0.058		0.95
2540		0.058		0.95
2550		0.058		0.95
2560		0.058		0.95
2570		0.058		0.95
2580		0.058		0.951
2590		0.058		0.95
2600		0.058		0.951
2610		0.058		0.95
2620		0.058		0.951
2630		0.058		0.95
2640		0.057		0.951
2650		0.058		0.95
2660		0.057		0.951
2670		0.057		0.951
2680		0.057		0.951
2690		0.057		0.951
2700		0.057		0.951
2710		0.057		0.951
2720		0.057		0.951
2730		0.056		0.952
2740		0.057		0.951
2750		0.057		0.951
2760		0.057		0.951
2770		0.057		0.951
2780		0.057		0.951
2790		0.057		0.951
2800		0.057		0.951
2810		0.057		0.951
2820		0.057		0.951
2830		0.057		0.951
2840		0.057		0.951
2850		0.057		0.95
2860		0.058		0.95
2870		0.058		0.95
2880		0.058		0.95
2890		0.057		0.95
2900		0.057		0.951
2910		0.057		0.95
2920		0.058		0.95
2930		0.058		0.95
2940		0.057		0.95
2950		0.057		0.95
2960		0.057		0.95
2970		0.058		0.95
2980		0.058		0.95
2990		0.058		0.95
3000		0.058		0.95
3010		0.058		0.95
3020		0.058		0.95
3030		0.058		0.95
3040		0.058		0.95
3050		0.058		0.95
3060		0.058		0.95
3070		0.058		0.95
3080		0.058		0.95
3090		0.058		0.95
3100		0.058		0.95
3110		0.058		0.95
3120		0.058		0.95
3130		0.058		0.95
3140		0.058		0.95
3150		0.058		0.95
3160		0.058		0.95
3170		0.058		0.95
3180		0.058		0.95
3190		0.058		0.95
3200		0.059		0.949
3210		0.059		0.949
3220		0.059		0.949
3230		0.059		0.949
3240		0.06		0.948
3250		0.059		0.949
3260		0.06		0.949
3270		0.059		0.949
3280		0.059		0.949
3290		0.059		0.949
3300		0.059		0.949
3310		0.059		0.949
3320		0.059		0.949
3330		0.059		0.95
3340		0.059		0.95
3350		0.059		0.95
3360		0.058		0.95
3370		0.058		0.95
3380		0.058		0.95
3390		0.058		0.95
3400		0.058		0.95
3410		0.058		0.95
3420		0.058		0.95
3430		0.058		0.95
3440		0.058		0.95
3450		0.058		0.95
3460		0.058		0.95
3470		0.058		0.95
3480		0.058		0.95
3490		0.058		0.95
3500		0.058		0.95
3510		0.058		0.95
3520		0.057		0.951
3530		0.058		0.95
3540		0.058		0.95
3550		0.058		0.95
3560		0.058		0.95
3570		0.058		0.95
3580		0.058		0.95
3590		0.058		0.95
3600		0.058		0.95
3610		0.058		0.95
3620		0.058		0.951
3630		0.057		0.951
3640		0.057		0.951
3650		0.057		0.951
3660		0.057		0.951
3670		0.057		0.951
3680		0.058		0.95
3690		0.058		0.95
3700		0.058		0.95
3710		0.057		0.95
3720		0.058		0.95
3730		0.057		0.95
3740		0.057		0.951
3750		0.057		0.951
3760		0.057		0.951
3770		0.057		0.951
3780		0.057		0.951
3790		0.057		0.951
3800		0.057		0.951
3810		0.057		0.951
3820		0.057		0.951
3830		0.057		0.951
3840		0.057		0.951
3850		0.056		0.951
3860		0.057		0.951
3870		0.057		0.951
3880		0.058		0.951
3890		0.058		0.95
3900		0.058		0.951
3910		0.057		0.951
3920		0.057		0.951
3930		0.058		0.95
3940		0.058		0.95
3950		0.058		0.95
3960		0.057		0.951
3970		0.058		0.95
3980		0.058		0.95
3990		0.058		0.95
numWins229.0
numLosses3799.0
