NumRounds	Winrate		LossRate
0		0.2		0.7		2.1
10		0.1		0.85		-8.35
20		0.067		0.9		-12.699
30		0.075		0.9		-11.774
40		0.08		0.9		-10.84
50		0.067		0.917		-11.8
60		0.058		0.929		-12.814
70		0.063		0.925		-12.274
80		0.067		0.923		-11.6
90		0.06		0.93		-12.31
100		0.064		0.928		-11.89
110		0.067		0.925		-11.649
120		0.062		0.931		-12.115
130		0.058		0.936		-12.5
140		0.054		0.94		-12.966
150		0.057		0.938		-12.437
160		0.053		0.942		-12.552
170		0.05		0.945		-12.788
180		0.058		0.937		-12
190		0.065		0.93		-11.234
200		0.062		0.934		-11.352
210		0.06		0.937		-11.759
220		0.057		0.94		-12.013
230		0.059		0.938		-11.824
240		0.06		0.94		-11.868
250		0.062		0.943		-11.903
260		0.06		0.945		-12.144
270		0.058		0.947		-12.303
280		0.056		0.949		-12.562
290		0.054		0.95		-12.916
300		0.059		0.949		-12.47
310		0.06		0.947		-12.453
320		0.058		0.949		-12.569
330		0.056		0.95		-12.864
340		0.055		0.952		-13.062
350		0.056		0.95		-12.988
360		0.055		0.952		-13.086
370		0.053		0.953		-13.147
380		0.052		0.954		-13.282
390		0.053		0.953		-13.069
400		0.054		0.952		-12.753
410		0.053		0.953		-12.866
420		0.052		0.954		-13
430		0.055		0.953		-12.715
440		0.054		0.954		-12.873
450		0.055		0.953		-12.782
460		0.054		0.954		-12.889
470		0.053		0.955		-13.089
480		0.052		0.956		-13.199
490		0.052		0.954		-13.137
500		0.053		0.953		-12.978
510		0.054		0.952		-13
520		0.053		0.953		-13.1
530		0.052		0.954		-13.199
540		0.053		0.953		-13.127
550		0.052		0.954		-13.151
560		0.053		0.953		-12.956
570		0.056		0.952		-12.643
580		0.056		0.953		-12.566
590		0.055		0.954		-12.666
600		0.055		0.955		-12.668
610		0.055		0.954		-12.643
620		0.054		0.954		-12.771
630		0.055		0.954		-12.718
640		0.054		0.954		-12.761
650		0.054		0.955		-12.874
660		0.054		0.956		-12.823
670		0.053		0.956		-12.913
680		0.053		0.957		-12.911
690		0.053		0.956		-12.869
700		0.054		0.955		-12.854
710		0.053		0.956		-12.902
720		0.053		0.957		-12.969
730		0.052		0.957		-13.039
740		0.051		0.958		-13.092
750		0.053		0.956		-12.886
760		0.052		0.956		-12.902
770		0.052		0.957		-12.984
780		0.054		0.955		-12.767
790		0.053		0.955		-12.836
800		0.052		0.956		-12.848
810		0.053		0.957		-12.792
820		0.055		0.955		-12.567
830		0.055		0.954		-12.486
840		0.056		0.953		-12.392
850		0.055		0.954		-12.461
860		0.056		0.955		-12.421
870		0.056		0.954		-12.43
880		0.056		0.954		-12.511
890		0.055		0.955		-12.562
900		0.055		0.954		-12.53
910		0.055		0.955		-12.593
920		0.056		0.953		-12.472
930		0.056		0.954		-12.53
940		0.056		0.953		-12.493
950		0.056		0.954		-12.557
960		0.055		0.954		-12.591
970		0.055		0.955		-12.623
980		0.054		0.955		-12.676
990		0.054		0.954		-12.604
1000		0.055		0.954		-12.517
1010		0.054		0.954		-12.574
1020		0.054		0.955		-12.616
1030		0.053		0.955		-12.641
1040		0.053		0.956		-12.712
1050		0.052		0.956		-12.792
1060		0.052		0.957		-12.858
1070		0.052		0.956		-12.8
1080		0.052		0.956		-12.831
1090		0.052		0.956		-12.769
1100		0.052		0.956		-12.82
1110		0.051		0.957		-12.875
1120		0.053		0.956		-12.789
1130		0.052		0.957		-12.841
1140		0.053		0.956		-12.779
1150		0.052		0.957		-12.872
1160		0.052		0.957		-12.92
1170		0.051		0.957		-12.973
1180		0.051		0.958		-13.048
1190		0.05		0.958		-13.095
1200		0.05		0.958		-13.097
1210		0.05		0.959		-13.112
1220		0.05		0.958		-13.052
1230		0.05		0.959		-13.027
1240		0.051		0.958		-13.01
1250		0.05		0.958		-13.044
1260		0.05		0.959		-13.083
1270		0.05		0.958		-13.031
1280		0.051		0.958		-12.967
1290		0.05		0.958		-12.997
1300		0.05		0.959		-13.021
1310		0.05		0.959		-13.046
1320		0.049		0.959		-13.087
1330		0.05		0.959		-13.052
1340		0.049		0.959		-13.111
1350		0.049		0.959		-13.13
1360		0.049		0.96		-13.148
1370		0.049		0.959		-13.107
1380		0.049		0.959		-13.148
1390		0.048		0.96		-13.188
1400		0.048		0.96		-13.228
1410		0.048		0.96		-13.176
1420		0.048		0.96		-13.21
1430		0.048		0.96		-13.153
1440		0.049		0.959		-13.1
1450		0.048		0.959		-13.132
1460		0.048		0.96		-13.141
1470		0.049		0.959		-13.019
1480		0.049		0.958		-12.975
1490		0.049		0.958		-12.996
1500		0.049		0.959		-13.056
1510		0.049		0.959		-13.065
1520		0.048		0.959		-13.105
1530		0.048		0.96		-13.113
1540		0.048		0.96		-13.127
1550		0.047		0.96		-13.126
1560		0.047		0.96		-13.14
1570		0.048		0.959		-13.018
1580		0.048		0.96		-13.044
1590		0.047		0.96		-13.069
1600		0.047		0.96		-13.081
1610		0.048		0.96		-12.98
1620		0.048		0.959		-12.924
1630		0.049		0.958		-12.854
1640		0.049		0.959		-12.883
1650		0.049		0.959		-12.899
1660		0.049		0.959		-12.875
1670		0.049		0.959		-12.908
1680		0.049		0.958		-12.836
1690		0.049		0.959		-12.858
1700		0.048		0.959		-12.832
1710		0.049		0.958		-12.748
1720		0.049		0.958		-12.778
1730		0.049		0.959		-12.775
1740		0.048		0.959		-12.802
1750		0.048		0.959		-12.821
1760		0.048		0.959		-12.841
1770		0.048		0.959		-12.872
1780		0.047		0.96		-12.898
1790		0.048		0.959		-12.859
1800		0.047		0.96		-12.876
1810		0.047		0.96		-12.894
1820		0.047		0.96		-12.859
1830		0.047		0.96		-12.876
1840		0.047		0.96		-12.895
1850		0.047		0.96		-12.894
1860		0.047		0.96		-12.859
1870		0.047		0.96		-12.838
1880		0.047		0.96		-12.846
1890		0.047		0.96		-12.869
1900		0.047		0.96		-12.838
1910		0.047		0.959		-12.805
1920		0.047		0.96		-12.815
1930		0.047		0.96		-12.826
1940		0.047		0.96		-12.848
1950		0.046		0.96		-12.876
1960		0.046		0.96		-12.898
1970		0.046		0.961		-12.934
1980		0.046		0.96		-12.906
1990		0.046		0.96		-12.93
2000		0.046		0.961		-12.947
2010		0.046		0.96		-12.904
2020		0.046		0.961		-12.938
2030		0.046		0.961		-12.968
2040		0.046		0.96		-12.948
2050		0.046		0.96		-12.916
2060		0.046		0.96		-12.948
2070		0.047		0.96		-12.878
2080		0.046		0.96		-12.881
2090		0.046		0.96		-12.904
2100		0.046		0.96		-12.925
2110		0.046		0.96		-12.931
2120		0.046		0.96		-12.88
2130		0.046		0.96		-12.877
2140		0.046		0.96		-12.897
2150		0.046		0.96		-12.869
2160		0.046		0.96		-12.897
2170		0.046		0.961		-12.891
2180		0.046		0.96		-12.855
2190		0.046		0.96		-12.841
2200		0.047		0.96		-12.815
2210		0.047		0.96		-12.797
2220		0.047		0.96		-12.819
2230		0.046		0.96		-12.841
2240		0.046		0.96		-12.834
2250		0.047		0.961		-12.811
2260		0.046		0.961		-12.833
2270		0.047		0.96		-12.75
2280		0.047		0.96		-12.771
2290		0.047		0.96		-12.788
2300		0.046		0.961		-12.826
2310		0.046		0.961		-12.855
2320		0.046		0.961		-12.889
2330		0.046		0.961		-12.907
2340		0.046		0.961		-12.925
2350		0.045		0.962		-12.955
2360		0.045		0.962		-12.964
2370		0.045		0.961		-12.962
2380		0.045		0.962		-12.987
2390		0.045		0.962		-12.975
2400		0.045		0.962		-12.974
2410		0.046		0.962		-12.923
2420		0.046		0.962		-12.919
2430		0.046		0.962		-12.935
2440		0.046		0.962		-12.961
2450		0.046		0.962		-13
2460		0.045		0.962		-13.016
2470		0.045		0.963		-13.042
2480		0.045		0.963		-13.032
2490		0.046		0.962		-12.936
2500		0.046		0.962		-12.967
2510		0.046		0.962		-12.993
2520		0.046		0.962		-12.971
2530		0.046		0.962		-12.996
2540		0.046		0.962		-13.018
2550		0.046		0.962		-12.991
2560		0.046		0.962		-13.013
2570		0.046		0.963		-13.04
2580		0.046		0.962		-13.005
2590		0.046		0.962		-13.027
2600		0.046		0.963		-13.033
2610		0.046		0.963		-12.975
2620		0.047		0.962		-12.922
2630		0.047		0.962		-12.938
2640		0.047		0.962		-12.951
2650		0.046		0.963		-12.955
2660		0.046		0.963		-12.952
2670		0.046		0.962		-12.926
2680		0.046		0.963		-12.943
2690		0.046		0.963		-12.978
2700		0.046		0.963		-12.974
2710		0.046		0.963		-12.983
2720		0.046		0.963		-12.987
2730		0.046		0.963		-13.014
2740		0.046		0.963		-12.946
2750		0.046		0.963		-12.966
2760		0.046		0.963		-12.947
2770		0.047		0.962		-12.922
2780		0.046		0.963		-12.945
2790		0.047		0.962		-12.931
2800		0.047		0.962		-12.872
2810		0.047		0.961		-12.858
2820		0.047		0.962		-12.88
2830		0.047		0.962		-12.886
2840		0.047		0.962		-12.896
2850		0.047		0.962		-12.841
2860		0.048		0.961		-12.814
2870		0.047		0.962		-12.828
2880		0.047		0.962		-12.843
2890		0.047		0.962		-12.862
2900		0.047		0.962		-12.849
2910		0.047		0.962		-12.851
2920		0.047		0.962		-12.88
2930		0.047		0.962		-12.874
2940		0.047		0.962		-12.889
2950		0.047		0.962		-12.911
2960		0.047		0.962		-12.883
2970		0.047		0.962		-12.839
2980		0.047		0.962		-12.861
2990		0.047		0.961		-12.852
3000		0.047		0.962		-12.865
3010		0.048		0.961		-12.861
3020		0.047		0.962		-12.877
3030		0.048		0.961		-12.865
3040		0.048		0.961		-12.842
3050		0.048		0.961		-12.869
3060		0.047		0.961		-12.9
3070		0.047		0.962		-12.916
3080		0.047		0.961		-12.895
3090		0.048		0.961		-12.874
3100		0.048		0.961		-12.868
3110		0.048		0.961		-12.884
3120		0.048		0.961		-12.859
3130		0.048		0.961		-12.803
3140		0.048		0.961		-12.824
3150		0.048		0.961		-12.847
3160		0.048		0.961		-12.834
3170		0.049		0.96		-12.752
3180		0.049		0.96		-12.768
3190		0.049		0.96		-12.727
3200		0.049		0.96		-12.748
3210		0.049		0.96		-12.764
3220		0.049		0.96		-12.784
3230		0.049		0.96		-12.764
3240		0.049		0.96		-12.749
3250		0.049		0.96		-12.726
3260		0.049		0.96		-12.748
3270		0.049		0.96		-12.767
3280		0.049		0.96		-12.775
3290		0.049		0.96		-12.758
3300		0.049		0.96		-12.766
3310		0.049		0.96		-12.754
3320		0.049		0.96		-12.747
3330		0.049		0.96		-12.76
3340		0.049		0.96		-12.776
3350		0.048		0.961		-12.784
3360		0.049		0.96		-12.769
3370		0.049		0.96		-12.757
3380		0.049		0.96		-12.784
3390		0.048		0.96		-12.798
3400		0.049		0.96		-12.784
3410		0.048		0.96		-12.803
3420		0.048		0.961		-12.811
3430		0.048		0.961		-12.829
3440		0.048		0.961		-12.834
3450		0.048		0.961		-12.839
3460		0.048		0.961		-12.834
3470		0.048		0.961		-12.827
3480		0.048		0.961		-12.807
3490		0.048		0.961		-12.825
3500		0.048		0.961		-12.833
3510		0.049		0.961		-12.766
3520		0.049		0.961		-12.74
3530		0.049		0.96		-12.723
3540		0.049		0.96		-12.735
3550		0.049		0.96		-12.727
3560		0.049		0.96		-12.749
3570		0.049		0.96		-12.728
3580		0.049		0.96		-12.726
3590		0.049		0.96		-12.708
3600		0.05		0.96		-12.691
3610		0.05		0.96		-12.676
3620		0.05		0.96		-12.688
3630		0.05		0.96		-12.668
3640		0.05		0.96		-12.675
3650		0.05		0.96		-12.664
3660		0.05		0.96		-12.679
3670		0.049		0.96		-12.701
3680		0.049		0.96		-12.712
3690		0.049		0.96		-12.72
3700		0.049		0.96		-12.738
3710		0.049		0.96		-12.757
3720		0.049		0.961		-12.76
3730		0.049		0.961		-12.758
3740		0.048		0.961		-12.761
3750		0.049		0.961		-12.751
3760		0.049		0.961		-12.764
3770		0.048		0.961		-12.766
3780		0.048		0.961		-12.772
3790		0.048		0.961		-12.788
3800		0.048		0.961		-12.781
3810		0.048		0.961		-12.796
3820		0.048		0.961		-12.778
3830		0.048		0.961		-12.766
3840		0.049		0.961		-12.728
3850		0.049		0.961		-12.717
3860		0.049		0.961		-12.721
3870		0.048		0.961		-12.732
3880		0.048		0.961		-12.755
3890		0.048		0.961		-12.768
3900		0.048		0.961		-12.76
3910		0.048		0.961		-12.747
3920		0.048		0.961		-12.765
3930		0.048		0.961		-12.745
3940		0.048		0.961		-12.76
3950		0.048		0.961		-12.775
3960		0.048		0.961		-12.759
3970		0.048		0.961		-12.737
3980		0.048		0.961		-12.753
3990		0.048		0.96		-12.742
numWins192.0
numLosses3840.0
